100 5.467858
200 5.791724
300 5.978235
400 6.120519
500 6.235294
600 6.336859
700 6.427099
800 6.510069
900 6.585432
1000 6.655238
1100 6.718293
1200 6.777417
1300 6.830818
1400 6.882195
1500 6.929493
1600 6.974276
1700 7.015591
1800 7.053802
1900 7.089180
2000 7.122470
2100 7.155539
2200 7.186222
2300 7.215197
2400 7.242256
2500 7.267218
2600 7.291409
2700 7.314484
2800 7.336246
2900 7.356672
3000 7.375946
3100 7.394382
3200 7.412974
3300 7.429541
3400 7.445579
3500 7.461171
3600 7.475265
3700 7.489205
3800 7.501963
3900 7.514664
4000 7.526697
4100 7.538095
4200 7.548776
4300 7.559794
4400 7.569871
