1	1.000000	1.000000	4113.592285	328.173737	120824.750000
2	1.000000	1.000000	4112.657715	328.139587	120812.203125
3	1.000000	1.000000	4113.033691	328.117340	120804.000000
4	1.000000	1.000000	4113.072754	328.111267	120801.750000
5	1.002339	1.001352	4112.659668	328.102661	120662.937500
6	1.002339	1.001352	4111.856934	328.062225	120648.109375
7	1.002339	1.001352	4111.407715	328.013855	120630.601562
8	1.002339	1.001352	4110.782715	327.934265	120601.109375
9	1.002339	1.001352	4109.765137	327.881866	120581.812500
10	1.011320	1.005823	4107.841309	327.760529	120013.210938
11	1.011320	1.005823	4107.667969	327.749817	120009.750000
12	1.011320	1.005823	4107.116211	327.720886	119999.203125
13	1.011320	1.005823	4106.467773	327.735657	120004.914062
14	1.011320	1.005823	4106.754883	327.680237	119984.812500
15	1.013396	1.004502	4106.456055	327.674072	120185.062500
16	1.013396	1.004502	4104.916504	327.547485	120139.085938
17	1.013396	1.004502	4104.273926	327.484863	120116.101562
18	1.013396	1.004502	4102.693359	327.384003	120079.265625
19	1.013396	1.004502	4102.215820	327.309937	120052.328125
20	1.022125	1.013645	4101.223145	327.213715	118947.250000
21	1.022125	1.013645	4100.885254	327.180359	118935.390625
22	1.022125	1.013645	4100.054199	327.148254	118924.273438
23	1.022125	1.013645	4098.637695	327.066406	118895.296875
24	1.022125	1.013645	4097.204102	326.929169	118845.812500
25	1.014940	1.012422	4096.342285	326.830383	118991.828125
26	1.014940	1.012422	4096.563477	326.901764	119016.734375
27	1.014940	1.012422	4097.554199	326.959106	119037.609375
28	1.014940	1.012422	4096.732910	326.818207	118985.125000
29	1.014940	1.012422	4096.073242	326.726715	118950.796875
30	1.016647	0.996452	4094.403809	326.668549	120836.671875
31	1.016647	0.996452	4092.225830	326.484314	120768.726562
32	1.016647	0.996452	4090.903564	326.294830	120698.234375
33	1.016647	0.996452	4090.170654	326.269867	120689.140625
34	1.016647	0.996452	4091.692627	326.429993	120745.773438
35	1.028408	0.997244	4087.948486	326.135010	120614.937500
36	1.028408	0.997244	4086.256348	326.031097	120575.773438
37	1.028408	0.997244	4084.467285	325.879242	120518.976562
38	1.028408	0.997244	4082.120605	325.705017	120456.109375
39	1.028408	0.997244	4082.340332	325.713531	120459.234375
40	1.030544	1.000319	4081.809082	325.656158	120103.125000
41	1.030544	1.000319	4076.837158	325.245239	119954.171875
42	1.030544	1.000319	4073.785889	324.999207	119859.375000
43	1.030544	1.000319	4071.364014	324.814209	119793.078125
44	1.030544	1.000319	4071.364014	324.814209	119793.078125
45	1.017481	0.999680	4072.445312	324.877502	119868.164062
46	1.017481	0.999680	4069.558105	324.632751	119777.765625
47	1.017481	0.999680	4069.844971	324.668854	119791.250000
48	1.017481	0.999680	4069.906738	324.691010	119799.171875
49	1.017481	0.999680	4069.455811	324.669586	119790.859375
50	1.007257	1.013029	4067.325439	324.478577	118230.578125
51	1.007257	1.013029	4064.938965	324.337463	118180.289062
52	1.007257	1.013029	4062.428955	324.190552	118128.109375
53	1.007257	1.013029	4060.753418	324.049896	118074.546875
54	1.007257	1.013029	4060.867188	324.014893	118061.210938
55	0.997046	1.013992	4060.415283	323.939606	117855.726562
56	0.997046	1.013992	4059.851562	323.910980	117845.859375
57	0.997046	1.013992	4059.439453	323.885071	117835.703125
58	0.997046	1.013992	4056.401611	323.642578	117746.773438
59	0.997046	1.013992	4054.496094	323.489441	117691.648438
60	0.993216	1.006814	4054.553955	323.444427	118564.140625
61	0.993216	1.006814	4052.278076	323.252991	118491.703125
62	0.993216	1.006814	4051.063965	323.139618	118449.109375
63	0.993216	1.006814	4047.926270	322.930969	118375.539062
64	0.993216	1.006814	4047.798828	322.951538	118384.484375
65	0.985060	1.004486	4046.630371	322.911469	118854.265625
66	0.985060	1.004486	4045.858154	322.829651	118821.460938
67	0.985060	1.004486	4044.473389	322.721893	118777.609375
68	0.985060	1.004486	4043.784424	322.669830	118758.859375
69	0.985060	1.004486	4043.759766	322.711334	118774.898438
70	0.997249	1.003644	4044.155762	322.704529	118933.828125
71	0.997249	1.003644	4043.449219	322.702637	118932.148438
72	0.997249	1.003644	4042.812988	322.581085	118886.085938
73	0.997249	1.003644	4041.307373	322.455505	118842.414062
74	0.997249	1.003644	4041.147217	322.452209	118840.328125
75	0.987318	0.999852	4041.555908	322.467834	119428.710938
76	0.987318	0.999852	4040.581543	322.431244	119415.289062
77	0.987318	0.999852	4039.667969	322.365784	119389.062500
78	0.987318	0.999852	4039.822754	322.318115	119375.515625
79	0.987318	0.999852	4039.080566	322.294647	119365.960938
80	0.997689	1.012112	4039.573730	322.322083	118152.625000
81	0.997689	1.012112	4039.856934	322.338837	118159.835938
82	0.997689	1.012112	4039.021973	322.294342	118145.312500
83	0.997689	1.012112	4038.880127	322.270935	118135.140625
84	0.997689	1.012112	4039.796387	322.354431	118167.296875
85	0.994023	1.010373	4040.539551	322.329163	118369.398438
86	0.994023	1.010373	4039.392090	322.311096	118361.828125
87	0.994023	1.010373	4039.934326	322.339569	118373.078125
88	0.994023	1.010373	4038.775879	322.339905	118372.875000
89	0.994023	1.010373	4038.257812	322.257202	118342.523438
90	0.991362	1.005408	4037.903564	322.236664	118975.125000
91	0.991362	1.005408	4038.134277	322.242615	118976.898438
92	0.991362	1.005408	4038.076172	322.233673	118972.250000
93	0.991362	1.005408	4037.334473	322.187561	118953.335938
94	0.991362	1.005408	4037.000000	322.148743	118938.398438
95	0.990031	1.007924	4036.130127	322.104156	118777.710938
96	0.990031	1.007924	4036.389404	322.042358	118752.000000
97	0.990031	1.007924	4036.395020	322.079590	118763.953125
98	0.990031	1.007924	4034.909424	321.977844	118725.648438
99	0.990031	1.007924	4034.829346	321.974640	118725.148438
100	0.980069	1.006078	4033.945801	321.845367	119054.835938
101	0.980069	1.006078	4032.081299	321.632141	118977.914062
102	0.980069	1.006078	4029.181641	321.473663	118919.562500
103	0.980069	1.006078	4027.785889	321.376404	118889.296875
104	0.980069	1.006078	4027.185547	321.343201	118878.875000
105	0.986256	1.025657	4027.768311	321.368774	116663.765625
106	0.986256	1.025657	4029.433594	321.464020	116695.609375
107	0.986256	1.025657	4028.420410	321.317871	116641.960938
108	0.986256	1.025657	4028.186768	321.328552	116646.328125
109	0.986256	1.025657	4028.235840	321.358337	116656.265625
110	0.977190	1.030740	4027.018799	321.202576	115982.578125
111	0.977190	1.030740	4025.858887	321.114319	115955.250000
112	0.977190	1.030740	4026.220215	321.193542	115981.687500
113	0.977190	1.030740	4026.157715	321.183624	115978.703125
114	0.977190	1.030740	4025.673828	321.162262	115972.640625
115	0.964823	1.023907	4026.077637	321.181946	116862.328125
116	0.964823	1.023907	4023.249268	320.960022	116780.375000
117	0.964823	1.023907	4022.743652	320.921326	116768.039062
118	0.964823	1.023907	4019.265137	320.655640	116676.976562
119	0.964823	1.023907	4017.477783	320.547699	116638.984375
120	0.974828	1.025482	4013.734375	320.290283	116134.125000
121	0.974828	1.025482	4014.023926	320.261230	116124.500000
122	0.974828	1.025482	4012.544189	320.123993	116071.828125
123	0.974828	1.025482	4012.702637	320.138184	116076.148438
124	0.974828	1.025482	4007.505859	319.734711	115932.296875
125	0.975645	1.025482	4007.505859	319.734711	115932.296875
126	0.975645	1.025482	4008.395752	319.797760	115955.460938
127	0.975645	1.025482	4008.141113	319.862793	115979.726562
128	0.975645	1.025482	4007.591064	319.788422	115952.773438
129	0.975645	1.025482	4006.164795	319.613403	115882.828125
130	0.987827	1.041064	4003.708984	319.424133	114347.687500
131	0.987827	1.041064	4000.508301	319.186340	114258.359375
132	0.987827	1.041064	3999.418701	319.093689	114222.726562
133	0.987827	1.041064	3993.652832	318.650177	114065.640625
134	0.987827	1.041064	3991.392090	318.467590	113999.953125
135	0.973640	1.040738	3990.234863	318.375793	113994.148438
136	0.973640	1.040738	3990.396484	318.334930	113979.726562
137	0.973640	1.040738	3990.338623	318.345490	113985.515625
138	0.973640	1.040738	3988.194580	318.196228	113933.953125
139	0.973640	1.040738	3986.774902	318.086823	113892.312500
140	0.964698	1.045414	3986.113281	318.043762	113605.125000
141	0.964698	1.045414	3984.944092	317.934631	113574.953125
142	0.964698	1.045414	3983.711426	317.861298	113549.273438
143	0.964698	1.045414	3983.201904	317.806122	113532.078125
144	0.964698	1.045414	3982.979004	317.809570	113530.851562
145	0.973407	1.049940	3982.671143	317.750427	112973.171875
146	0.973407	1.049940	3981.230469	317.627502	112925.875000
147	0.973407	1.049940	3979.921143	317.623901	112923.351562
148	0.973407	1.049940	3979.708984	317.590759	112906.750000
149	0.973407	1.049940	3979.617188	317.560730	112896.875000
150	0.975664	1.052266	3979.890625	317.526917	112340.812500
151	0.975664	1.052266	3979.450684	317.501221	112332.234375
152	0.975664	1.052266	3978.106934	317.453613	112314.625000
153	0.975664	1.052266	3978.346924	317.428009	112304.015625
154	0.975664	1.052266	3978.621582	317.369324	112284.789062
155	0.980818	1.051050	3978.856934	317.391174	112428.601562
156	0.980818	1.051050	3975.372559	317.159363	112344.796875
157	0.980818	1.051050	3974.576660	317.195038	112357.625000
158	0.980818	1.051050	3973.495361	317.091614	112322.625000
159	0.980818	1.051050	3974.464355	317.136414	112338.750000
160	0.971737	1.056569	3974.703857	317.014221	111943.984375
161	0.971737	1.056569	3973.335205	316.974609	111926.828125
162	0.971737	1.056569	3972.830566	316.962219	111921.023438
163	0.971737	1.056569	3972.659424	316.925415	111909.273438
164	0.971737	1.056569	3973.232422	316.932312	111912.476562
165	0.976151	1.059584	3970.651855	316.740723	111591.023438
166	0.976151	1.059584	3968.626221	316.571564	111528.187500
167	0.976151	1.059584	3966.563232	316.438965	111481.375000
168	0.976151	1.059584	3966.878906	316.462738	111489.664062
169	0.976151	1.059584	3964.617676	316.379730	111457.015625
170	0.969597	1.056450	3964.382812	316.327698	112004.812500
171	0.969597	1.056450	3962.575439	316.137543	111937.773438
172	0.969597	1.056450	3961.485596	316.066223	111914.890625
173	0.969597	1.056450	3959.344971	315.907745	111867.726562
174	0.969597	1.056450	3956.464844	315.705505	111792.562500
175	0.965677	1.049435	3956.711670	315.705261	112479.351562
176	0.965677	1.049435	3955.457520	315.603943	112440.000000
177	0.965677	1.049435	3955.938965	315.654236	112459.000000
178	0.965677	1.049435	3955.317139	315.546844	112429.812500
179	0.965677	1.049435	3952.098877	315.295563	112335.875000
180	0.966724	1.044232	3949.435059	315.049377	112723.000000
181	0.966724	1.044232	3949.527832	315.096588	112737.898438
182	0.966724	1.044232	3949.180420	315.104065	112739.148438
183	0.966724	1.044232	3947.601074	314.975372	112691.453125
184	0.966724	1.044232	3945.094238	314.809814	112635.515625
185	0.963371	1.054521	3945.008545	314.776917	111942.984375
186	0.963371	1.054521	3944.407715	314.714844	111918.484375
187	0.963371	1.054521	3943.125732	314.614441	111875.312500
188	0.963371	1.054521	3942.328613	314.483948	111832.539062
189	0.963371	1.054521	3940.453857	314.329895	111776.203125
190	0.961758	1.052034	3937.608643	314.122498	111756.164062
191	0.961758	1.052034	3935.589355	313.965363	111695.203125
192	0.961758	1.052034	3933.623047	313.848785	111651.398438
193	0.961758	1.052034	3934.001465	313.845001	111654.023438
194	0.961758	1.052034	3933.639893	313.821320	111644.359375
195	0.972065	1.057876	3933.507080	313.884949	111362.960938
196	0.972065	1.057876	3932.388184	313.801147	111334.625000
197	0.972065	1.057876	3930.660156	313.623749	111270.546875
198	0.972065	1.057876	3929.791016	313.545471	111241.539062
199	0.972065	1.057876	3926.304688	313.317566	111160.953125
200	0.958767	1.049648	3926.918457	313.269196	112121.453125
201	0.958767	1.049648	3926.500488	313.264648	112116.289062
202	0.958767	1.049648	3924.238281	313.057556	112049.562500
203	0.958767	1.049648	3922.205078	312.895081	111990.773438
204	0.958767	1.049648	3919.288330	312.660828	111899.484375
205	0.947025	1.051217	3917.156738	312.550964	112096.484375
206	0.947025	1.051217	3915.802002	312.474915	112069.226562
207	0.947025	1.051217	3914.632080	312.325470	112012.796875
208	0.947025	1.051217	3912.837158	312.161224	111951.203125
209	0.947025	1.051217	3911.713379	312.058167	111908.437500
210	0.937412	1.058618	3906.909424	311.671326	111359.078125
211	0.937412	1.058618	3906.072998	311.603149	111340.664062
212	0.937412	1.058618	3904.865967	311.517975	111312.101562
213	0.937412	1.058618	3902.600342	311.317505	111234.664062
214	0.937412	1.058618	3901.945801	311.331238	111245.203125
215	0.952289	1.065070	3899.664795	311.135895	110362.984375
216	0.952289	1.065070	3899.389893	311.076721	110335.328125
217	0.952289	1.065070	3898.117920	310.990906	110305.500000
218	0.952289	1.065070	3895.635254	310.825714	110246.734375
219	0.952289	1.065070	3893.857910	310.682281	110194.421875
220	0.957254	1.067465	3893.696777	310.727142	109767.648438
221	0.957254	1.067465	3892.780518	310.672485	109750.437500
222	0.957254	1.067465	3892.571533	310.646545	109729.703125
223	0.957254	1.067465	3892.921875	310.624878	109719.539062
224	0.957254	1.067465	3891.075439	310.491211	109670.726562
225	0.955891	1.067195	3891.160156	310.513123	109775.085938
226	0.955891	1.067195	3890.334473	310.471619	109762.125000
227	0.955891	1.067195	3890.688965	310.511688	109776.351562
228	0.955891	1.067195	3890.520020	310.517029	109779.726562
229	0.955891	1.067195	3890.003174	310.541626	109790.460938
230	0.960945	1.076700	3889.752686	310.416565	108608.039062
231	0.960945	1.076700	3889.170654	310.347229	108586.890625
232	0.960945	1.076700	3888.364014	310.289124	108570.523438
233	0.960945	1.076700	3889.523438	310.326141	108583.937500
234	0.960945	1.076700	3889.953613	310.328613	108583.773438
235	0.954530	1.082191	3889.693359	310.309021	107807.710938
236	0.954530	1.082191	3889.743652	310.283966	107798.953125
237	0.954530	1.082191	3888.476074	310.265167	107794.515625
238	0.954530	1.082191	3887.802002	310.240417	107787.609375
239	0.954530	1.082191	3887.837891	310.219208	107780.726562
240	0.947609	1.079022	3887.548096	310.096008	108169.312500
241	0.947609	1.079022	3885.914062	310.027954	108151.187500
242	0.947609	1.079022	3884.012207	309.889954	108104.015625
243	0.947609	1.079022	3881.458984	309.690125	108039.250000
244	0.947609	1.079022	3881.756592	309.678558	108036.460938
245	0.937132	1.088424	3882.017578	309.715332	107269.765625
246	0.937132	1.088424	3880.865234	309.648132	107250.296875
247	0.937132	1.088424	3881.947998	309.695312	107270.953125
248	0.937132	1.088424	3880.477783	309.602661	107235.710938
249	0.937132	1.088424	3878.745605	309.550507	107219.523438
250	0.928423	1.092414	3876.080078	309.309113	106752.398438
251	0.928423	1.092414	3875.922363	309.284515	106742.890625
252	0.928423	1.092414	3873.589355	309.045074	106659.648438
253	0.928423	1.092414	3873.329590	309.022308	106649.210938
254	0.928423	1.092414	3872.191895	308.925201	106627.351562
255	0.923461	1.094802	3871.916748	308.907379	106469.890625
256	0.923461	1.094802	3870.348877	308.811432	106434.023438
257	0.923461	1.094802	3870.681152	308.811462	106433.937500
258	0.923461	1.094802	3870.355957	308.799957	106426.359375
259	0.923461	1.094802	3867.406738	308.587616	106352.726562
260	0.919688	1.099809	3865.438965	308.428009	105957.828125
261	0.919688	1.099809	3865.517090	308.402191	105950.625000
262	0.919688	1.099809	3863.824219	308.248718	105893.859375
263	0.919688	1.099809	3864.661621	308.304016	105916.859375
264	0.919688	1.099809	3861.676514	308.070953	105842.148438
265	0.908475	1.084290	3861.430420	308.106140	108084.546875
266	0.908475	1.084290	3860.804688	308.079681	108076.359375
267	0.908475	1.084290	3859.917236	307.998627	108055.859375
268	0.908475	1.084290	3858.644043	307.908997	108032.609375
269	0.908475	1.084290	3858.440186	307.906281	108035.171875
270	0.916704	1.073733	3857.231201	307.813660	108746.671875
271	0.916704	1.073733	3855.789795	307.704865	108709.921875
272	0.916704	1.073733	3853.637939	307.512573	108642.039062
273	0.916704	1.073733	3853.007812	307.466888	108625.750000
274	0.916704	1.073733	3852.048340	307.366669	108588.390625
275	0.926151	1.065054	3853.089111	307.458374	109702.640625
276	0.926151	1.065054	3851.938232	307.379578	109675.101562
277	0.926151	1.065054	3850.886719	307.278473	109638.210938
278	0.926151	1.065054	3849.528564	307.158508	109587.328125
279	0.926151	1.065054	3849.381592	307.109436	109569.187500
280	0.925197	1.064869	3846.957520	306.976440	108952.601562
281	0.925197	1.064869	3846.881592	306.932800	108933.796875
282	0.925197	1.064869	3845.809814	306.920105	108935.500000
283	0.925197	1.064869	3843.684326	306.732117	108866.921875
284	0.925197	1.064869	3843.285645	306.677460	108846.351562
285	0.913483	1.063146	3842.558105	306.640411	108854.648438
286	0.913483	1.063146	3842.922363	306.698517	108871.484375
287	0.913483	1.063146	3841.192139	306.557037	108824.273438
288	0.913483	1.063146	3841.364502	306.581299	108831.671875
289	0.913483	1.063146	3841.772949	306.611969	108842.953125
290	0.904076	1.056743	3841.489746	306.571838	109659.187500
291	0.904076	1.056743	3841.826172	306.580750	109657.750000
292	0.904076	1.056743	3840.731201	306.491516	109626.835938
293	0.904076	1.056743	3840.507324	306.483154	109623.515625
294	0.904076	1.056743	3839.878174	306.458740	109614.187500
295	0.902946	1.061535	3839.434326	306.403015	109286.390625
296	0.902946	1.061535	3838.979248	306.354004	109268.210938
297	0.902946	1.061535	3838.282715	306.319641	109256.312500
298	0.902946	1.061535	3836.953125	306.250977	109226.500000
299	0.902946	1.061535	3837.296875	306.276276	109236.015625
300	0.901981	1.061884	3837.246582	306.256836	109195.437500
301	0.901981	1.061884	3837.023926	306.204407	109174.578125
302	0.901981	1.061884	3836.498047	306.198547	109174.250000
303	0.901981	1.061884	3837.093018	306.212250	109179.250000
304	0.901981	1.061884	3837.129639	306.203918	109175.609375
305	0.895142	1.056620	3837.323730	306.225952	109884.460938
306	0.895142	1.056620	3837.439941	306.201569	109872.546875
307	0.895142	1.056620	3837.239502	306.190704	109868.640625
308	0.895142	1.056620	3836.367188	306.141266	109851.062500
309	0.895142	1.056620	3835.317871	306.098206	109837.046875
310	0.890503	1.058177	3835.593018	306.113434	110051.773438
311	0.890503	1.058177	3835.158936	306.087311	110043.601562
312	0.890503	1.058177	3834.781250	306.084930	110043.726562
313	0.890503	1.058177	3834.779297	306.054840	110033.265625
314	0.890503	1.058177	3834.875000	306.074860	110039.078125
315	0.879089	1.052276	3834.936768	306.066437	110862.765625
316	0.879089	1.052276	3834.137451	306.023987	110849.750000
317	0.879089	1.052276	3835.587891	306.039368	110857.523438
318	0.879089	1.052276	3835.183594	306.002197	110844.726562
319	0.879089	1.052276	3833.807373	305.905548	110816.710938
320	0.869333	1.059950	3832.370605	305.825409	110176.453125
321	0.869333	1.059950	3833.454346	305.882507	110193.835938
322	0.869333	1.059950	3832.565674	305.818634	110170.390625
323	0.869333	1.059950	3830.939453	305.777832	110161.765625
324	0.869333	1.059950	3830.125732	305.696045	110133.562500
325	0.857359	1.046646	3829.809326	305.574585	112180.265625
326	0.857359	1.046646	3829.200439	305.588165	112186.437500
327	0.857359	1.046646	3828.628174	305.573303	112186.296875
328	0.857359	1.046646	3829.043701	305.572479	112192.976562
329	0.857359	1.046646	3827.697266	305.509033	112174.484375
330	0.855718	1.047158	3827.246826	305.424896	112014.210938
331	0.855718	1.047158	3826.677002	305.361725	111995.328125
332	0.855718	1.047158	3826.104004	305.273621	111965.562500
333	0.855718	1.047158	3825.226562	305.235626	111959.546875
334	0.855718	1.047158	3824.838379	305.195129	111947.921875
335	0.852960	1.051939	3824.200439	305.167053	111913.414062
336	0.852960	1.051939	3823.621094	305.167633	111915.484375
337	0.852960	1.051939	3821.248047	304.912170	111819.796875
338	0.852960	1.051939	3820.320801	304.766205	111771.453125
339	0.852960	1.051939	3817.119629	304.533142	111692.398438
340	0.849200	1.057972	3814.173096	304.378601	111501.203125
341	0.849200	1.057972	3814.089111	304.345428	111490.039062
342	0.849200	1.057972	3813.555176	304.270935	111459.273438
343	0.849200	1.057972	3812.972656	304.253174	111456.671875
344	0.849200	1.057972	3812.164795	304.187805	111436.726562
345	0.846112	1.058316	3810.845215	304.015930	111621.414062
346	0.846112	1.058316	3804.127441	303.516968	111445.562500
347	0.846112	1.058316	3799.304688	303.104187	111298.234375
348	0.846112	1.058316	3798.889404	303.097473	111298.359375
349	0.846112	1.058316	3796.809082	302.920258	111242.476562
350	0.835592	1.064624	3795.644043	302.843201	110811.546875
351	0.835592	1.064624	3794.134277	302.734436	110779.312500
352	0.835592	1.064624	3793.490234	302.700378	110767.390625
353	0.835592	1.064624	3791.782471	302.551605	110717.484375
354	0.835592	1.064624	3789.470215	302.346741	110658.984375
355	0.837755	1.069149	3786.531250	302.054199	109739.734375
356	0.837755	1.069149	3786.531250	302.054199	109739.734375
357	0.837755	1.069149	3785.072754	301.922211	109703.328125
358	0.837755	1.069149	3785.072754	301.922211	109703.328125
359	0.837755	1.069149	3782.499268	301.728302	109645.937500
360	0.833343	1.054522	3781.561768	301.661530	110970.148438
361	0.833343	1.054522	3779.013672	301.508270	110858.585938
362	0.833343	1.054522	3777.683105	301.398254	110815.171875
363	0.833343	1.054522	3775.569580	301.197449	110700.578125
364	0.833343	1.054522	3775.569580	301.197449	110700.578125
365	0.815388	1.055814	3775.546387	301.228455	110533.625000
366	0.815388	1.055814	3775.546387	301.228455	110533.625000
367	0.815388	1.055814	3773.425293	301.038696	110451.789062
368	0.815388	1.055814	3773.142578	301.021667	110446.500000
369	0.815388	1.055814	3772.155762	300.955200	110427.796875
370	0.832126	1.071022	3767.610840	300.604553	108949.664062
371	0.832126	1.071022	3766.977783	300.552307	108933.789062
372	0.832126	1.071022	3765.251221	300.433502	108896.898438
373	0.832126	1.071022	3765.222168	300.418640	108892.000000
374	0.832126	1.071022	3765.222168	300.418640	108892.000000
375	0.846169	1.068472	3765.255127	300.481262	108649.335938
376	0.846169	1.068472	3762.975342	300.299988	108581.335938
377	0.846169	1.068472	3759.615967	299.956757	108465.437500
378	0.846169	1.068472	3756.411377	299.716797	108389.148438
379	0.846169	1.068472	3756.401123	299.723785	108391.835938
380	0.842850	1.075485	3753.134033	299.459076	107672.851562
381	0.842850	1.075485	3751.866699	299.365540	107628.898438
382	0.842850	1.075485	3751.721436	299.343903	107622.476562
383	0.842850	1.075485	3751.280762	299.280823	107598.726562
384	0.842850	1.075485	3753.949219	299.538513	107680.898438
385	0.829452	1.079641	3752.107910	299.380951	108166.601562
386	0.829452	1.079641	3752.255859	299.377197	108167.101562
387	0.829452	1.079641	3752.370605	299.377136	108164.835938
388	0.829452	1.079641	3751.156738	299.236023	108115.976562
389	0.829452	1.079641	3750.039551	299.175842	108098.265625
390	0.816231	1.095754	3747.760498	298.975342	107069.351562
391	0.816231	1.095754	3746.929688	298.945038	107057.312500
392	0.816231	1.095754	3745.462158	298.816833	107000.296875
393	0.816231	1.095754	3745.815674	298.838257	106993.890625
394	0.816231	1.095754	3744.810059	298.778015	106980.562500
395	0.812705	1.083376	3744.036621	298.692169	108988.390625
396	0.812705	1.083376	3742.938232	298.614929	108963.375000
397	0.812705	1.083376	3743.063232	298.668518	108978.546875
398	0.812705	1.083376	3741.417969	298.485046	108901.585938
399	0.812705	1.083376	3738.684814	298.285339	108851.750000
400	0.820394	1.068496	3738.205566	298.287170	110391.828125
401	0.820394	1.068496	3735.713623	298.144684	110322.796875
402	0.820394	1.068496	3733.899902	297.971283	110264.296875
403	0.820394	1.068496	3733.455566	297.935364	110254.703125
404	0.820394	1.068496	3732.877686	297.875336	110237.148438
405	0.820807	1.065773	3731.780029	297.816681	110351.226562
406	0.820807	1.065773	3729.882080	297.625061	110274.648438
407	0.820807	1.065773	3729.746094	297.600739	110269.546875
408	0.820807	1.065773	3728.697998	297.576996	110259.414062
409	0.820807	1.065773	3726.293701	297.461243	110214.687500
410	0.833937	1.058789	3725.145752	297.344666	110058.375000
411	0.833937	1.058789	3725.231201	297.345154	110058.523438
412	0.833937	1.058789	3725.227783	297.302429	110048.226562
413	0.833937	1.058789	3724.489014	297.219879	110015.312500
414	0.833937	1.058789	3723.322998	297.108002	109972.375000
415	0.835145	1.065115	3722.969971	297.067474	109178.812500
416	0.835145	1.065115	3722.702393	297.017059	109161.625000
417	0.835145	1.065115	3722.441895	297.016357	109163.039062
418	0.835145	1.065115	3720.990723	296.995056	109150.203125
419	0.835145	1.065115	3721.215576	296.995209	109151.500000
420	0.846022	1.072287	3720.886230	296.994446	107924.234375
421	0.846022	1.072287	3720.334473	296.955872	107908.500000
422	0.846022	1.072287	3719.581299	296.902252	107892.203125
423	0.846022	1.072287	3719.703125	296.872559	107880.023438
424	0.846022	1.072287	3720.167236	296.886719	107887.687500
425	0.851502	1.066717	3719.315674	296.852509	108362.046875
426	0.851502	1.066717	3719.770020	296.873718	108371.664062
427	0.851502	1.066717	3719.346436	296.870605	108370.523438
428	0.851502	1.066717	3719.431641	296.853607	108363.734375
429	0.851502	1.066717	3719.378174	296.851257	108359.234375
430	0.841403	1.067152	3719.066895	296.813049	108598.296875
431	0.841403	1.067152	3718.684814	296.803680	108594.664062
432	0.841403	1.067152	3718.464355	296.815765	108599.203125
433	0.841403	1.067152	3718.569824	296.815613	108598.765625
434	0.841403	1.067152	3719.441406	296.838593	108614.476562
435	0.832985	1.067419	3719.529785	296.847809	108871.671875
436	0.832985	1.067419	3719.334717	296.825043	108863.773438
437	0.832985	1.067419	3718.276611	296.786682	108845.671875
438	0.832985	1.067419	3718.445801	296.792206	108847.703125
439	0.832985	1.067419	3718.533936	296.792755	108847.851562
440	0.842625	1.073120	3718.583252	296.800354	107853.000000
441	0.842625	1.073120	3718.969971	296.800079	107852.421875
442	0.842625	1.073120	3719.431152	296.803406	107853.015625
443	0.842625	1.073120	3719.099121	296.792389	107849.328125
444	0.842625	1.073120	3718.558105	296.777802	107843.640625
445	0.849634	1.068580	3718.982422	296.790039	108361.640625
446	0.849634	1.068580	3719.280029	296.834900	108375.515625
447	0.849634	1.068580	3719.000000	296.829132	108376.421875
448	0.849634	1.068580	3718.553955	296.820953	108375.140625
449	0.849634	1.068580	3719.966064	296.843353	108390.234375
450	0.857991	1.073487	3720.227295	296.857239	107636.484375
451	0.857991	1.073487	3719.463379	296.850342	107634.250000
452	0.857991	1.073487	3719.731201	296.851562	107634.640625
453	0.857991	1.073487	3719.658936	296.858704	107637.859375
454	0.857991	1.073487	3718.733643	296.768250	107607.039062
455	0.858486	1.089337	3718.466064	296.715240	106190.960938
456	0.858486	1.089337	3718.476074	296.701813	106178.648438
457	0.858486	1.089337	3718.360840	296.696106	106175.671875
458	0.858486	1.089337	3719.006348	296.705383	106179.226562
459	0.858486	1.089337	3718.150391	296.691467	106164.562500
460	0.866274	1.114310	3718.636719	296.617615	103682.679688
461	0.866274	1.114310	3718.054688	296.674011	103707.445312
462	0.866274	1.114310	3718.039551	296.630676	103691.898438
463	0.866274	1.114310	3717.753174	296.604065	103686.875000
464	0.866274	1.114310	3715.618408	296.492615	103648.593750
465	0.873283	1.118064	3715.127441	296.436737	103184.234375
466	0.873283	1.118064	3715.070312	296.363739	103153.843750
467	0.873283	1.118064	3712.572266	296.210541	103096.421875
468	0.873283	1.118064	3711.517090	296.152893	103082.148438
469	0.873283	1.118064	3711.731689	296.153564	103085.210938
470	0.882323	1.119764	3709.122559	295.983154	103314.914062
471	0.882323	1.119764	3706.941406	295.841492	103271.476562
472	0.882323	1.119764	3706.279297	295.758759	103243.453125
473	0.882323	1.119764	3706.198486	295.759613	103243.625000
474	0.882323	1.119764	3704.865967	295.596130	103189.171875
475	0.867558	1.110043	3705.231934	295.673279	104799.835938
476	0.867558	1.110043	3705.703613	295.748688	104825.984375
477	0.867558	1.110043	3704.276855	295.642120	104795.328125
478	0.867558	1.110043	3703.143066	295.599091	104795.562500
479	0.867558	1.110043	3703.188721	295.614960	104800.921875
480	0.852839	1.098459	3704.208496	295.653778	106978.625000
481	0.852839	1.098459	3702.698486	295.555298	106955.453125
482	0.852839	1.098459	3701.657471	295.416656	106914.726562
483	0.852839	1.098459	3700.455811	295.283539	106851.546875
484	0.852839	1.098459	3700.525879	295.313171	106859.046875
485	0.865897	1.116097	3700.173340	295.296814	105334.898438
486	0.865897	1.116097	3699.022217	295.199951	105310.023438
487	0.865897	1.116097	3698.908691	295.162415	105294.023438
488	0.865897	1.116097	3697.579590	295.056213	105254.453125
489	0.865897	1.116097	3696.166748	294.961487	105229.500000
490	0.855053	1.137431	3695.906250	294.974121	103389.835938
491	0.855053	1.137431	3695.147217	294.916351	103375.203125
492	0.855053	1.137431	3693.466797	294.778320	103300.953125
493	0.855053	1.137431	3692.156250	294.586853	103238.757812
494	0.855053	1.137431	3691.517090	294.540863	103227.140625
495	0.872464	1.148113	3691.138672	294.522949	103290.171875
496	0.872464	1.148113	3691.178223	294.556396	103309.539062
497	0.872464	1.148113	3687.507080	294.305908	103244.359375
498	0.872464	1.148113	3686.434082	294.222839	103223.187500
499	0.872464	1.148113	3682.996826	293.937347	103149.601562
500	0.865072	1.145169	3682.721191	293.902130	103512.335938
501	0.865072	1.145169	3679.410645	293.640320	103445.601562
502	0.865072	1.145169	3676.340332	293.380554	103353.578125
503	0.865072	1.145169	3675.322754	293.277039	103327.195312
504	0.865072	1.145169	3675.410889	293.305786	103338.867188
505	0.873839	1.138648	3675.724609	293.296875	103717.289062
506	0.873839	1.138648	3675.724609	293.296875	103717.289062
507	0.873839	1.138648	3675.724609	293.296875	103717.289062
508	0.873839	1.138648	3675.724609	293.296875	103717.289062
509	0.873839	1.138648	3675.354248	293.274597	103712.164062
510	0.856771	1.140957	3674.687988	293.205963	103557.367188
511	0.856771	1.140957	3673.178955	293.087494	103522.476562
512	0.856771	1.140957	3670.073730	292.838470	103391.664062
513	0.856771	1.140957	3670.073730	292.838470	103391.664062
514	0.856771	1.140957	3667.721436	292.628265	103335.554688
515	0.853328	1.139942	3667.608643	292.658203	104062.390625
516	0.853328	1.139942	3662.703613	292.276245	103945.085938
517	0.853328	1.139942	3662.940186	292.305481	103953.054688
518	0.853328	1.139942	3661.186279	292.222595	103921.500000
519	0.853328	1.139942	3659.271484	292.071228	103883.531250
520	0.859658	1.129856	3658.319092	291.964355	103363.539062
521	0.859658	1.129856	3654.754395	291.661072	103279.578125
522	0.859658	1.129856	3652.975098	291.500031	103241.421875
523	0.859658	1.129856	3648.273438	291.155365	103123.890625
524	0.859658	1.129856	3647.481934	291.081909	103101.734375
525	0.864798	1.110746	3646.651855	290.939636	104503.242188
526	0.864798	1.110746	3645.527344	290.875366	104467.054688
527	0.864798	1.110746	3645.187012	290.839722	104448.898438
528	0.864798	1.110746	3645.077393	290.859192	104455.914062
529	0.864798	1.110746	3643.441406	290.758911	104419.820312
530	0.859109	1.117304	3643.745361	290.755859	104177.914062
531	0.859109	1.117304	3642.339355	290.674744	104153.828125
532	0.859109	1.117304	3641.469482	290.568451	104122.078125
533	0.859109	1.117304	3641.123779	290.476593	104075.609375
534	0.859109	1.117304	3641.656982	290.542572	104106.320312
535	0.870559	1.125721	3641.410645	290.578033	102618.921875
536	0.870559	1.125721	3640.695801	290.546478	102613.242188
537	0.870559	1.125721	3640.043701	290.518707	102602.796875
538	0.870559	1.125721	3639.980957	290.482849	102588.515625
539	0.870559	1.125721	3639.094482	290.403076	102563.476562
540	0.874703	1.120015	3637.665283	290.304626	102888.757812
541	0.874703	1.120015	3637.923340	290.290680	102878.765625
542	0.874703	1.120015	3637.971924	290.306122	102879.453125
543	0.874703	1.120015	3638.271973	290.291351	102873.148438
544	0.874703	1.120015	3636.940674	290.260895	102862.062500
545	0.864549	1.113481	3637.548096	290.210144	104075.140625
546	0.864549	1.113481	3636.778076	290.155884	104053.968750
547	0.864549	1.113481	3635.617920	290.121216	104036.929688
548	0.864549	1.113481	3635.153809	290.133698	104045.453125
549	0.864549	1.113481	3635.987549	290.184509	104061.781250
550	0.875393	1.101759	3634.650879	290.114410	105228.148438
551	0.875393	1.101759	3634.684082	290.107910	105224.250000
552	0.875393	1.101759	3633.981201	290.055145	105206.515625
553	0.875393	1.101759	3633.101074	289.966187	105179.039062
554	0.875393	1.101759	3632.733643	289.914001	105158.937500
555	0.868191	1.100986	3632.959473	289.887024	104610.531250
556	0.868191	1.100986	3632.932129	289.856934	104603.187500
557	0.868191	1.100986	3630.784424	289.763519	104566.515625
558	0.868191	1.100986	3630.499512	289.749054	104559.453125
559	0.868191	1.100986	3631.381592	289.776215	104569.554688
560	0.860770	1.099420	3631.718262	289.808533	104644.968750
561	0.860770	1.099420	3631.773438	289.802460	104639.632812
562	0.860770	1.099420	3631.710938	289.800964	104640.015625
563	0.860770	1.099420	3632.266113	289.859222	104668.164062
564	0.860770	1.099420	3632.315918	289.837097	104659.812500
565	0.870430	1.099217	3631.605469	289.828156	104302.476562
566	0.870430	1.099217	3631.146973	289.812531	104297.578125
567	0.870430	1.099217	3631.373779	289.819641	104298.484375
568	0.870430	1.099217	3631.701660	289.828796	104301.500000
569	0.870430	1.099217	3631.112793	289.810059	104296.281250
570	0.861068	1.100308	3631.002686	289.812225	105220.851562
571	0.861068	1.100308	3631.091309	289.810699	105220.953125
572	0.861068	1.100308	3631.039062	289.809570	105220.015625
573	0.861068	1.100308	3630.925049	289.789520	105209.187500
574	0.861068	1.100308	3631.062500	289.791199	105209.585938
575	0.858885	1.086479	3630.801270	289.780487	106504.500000
576	0.858885	1.086479	3630.748535	289.777130	106504.664062
577	0.858885	1.086479	3630.680908	289.781006	106507.976562
578	0.858885	1.086479	3630.407471	289.766052	106501.648438
579	0.858885	1.086479	3630.446045	289.736023	106491.453125
580	0.855132	1.088271	3630.892090	289.744446	106254.890625
581	0.855132	1.088271	3631.239014	289.779694	106272.453125
582	0.855132	1.088271	3629.983154	289.753571	106268.148438
583	0.855132	1.088271	3630.283203	289.774780	106275.351562
584	0.855132	1.088271	3630.312988	289.761169	106272.140625
585	0.857253	1.093542	3629.964844	289.704041	105715.828125
586	0.857253	1.093542	3629.697998	289.717957	105719.937500
587	0.857253	1.093542	3629.455566	289.688568	105712.960938
588	0.857253	1.093542	3629.167969	289.692963	105715.960938
589	0.857253	1.093542	3629.031250	289.670807	105707.335938
590	0.856824	1.093802	3627.937500	289.615234	105778.484375
591	0.856824	1.093802	3628.034424	289.622742	105780.765625
592	0.856824	1.093802	3626.936035	289.549286	105751.062500
593	0.856824	1.093802	3627.473877	289.562347	105756.140625
594	0.856824	1.093802	3627.006348	289.497009	105735.000000
595	0.850457	1.095376	3626.886719	289.467316	105729.953125
596	0.850457	1.095376	3626.300781	289.489380	105736.671875
597	0.850457	1.095376	3625.571533	289.454041	105728.125000
598	0.850457	1.095376	3624.851562	289.354767	105694.351562
599	0.850457	1.095376	3624.811768	289.297241	105666.351562
600	0.857716	1.081205	3624.858887	289.328796	106895.976562
601	0.857716	1.081205	3624.480469	289.281769	106883.164062
602	0.857716	1.081205	3624.235107	289.282654	106879.625000
603	0.857716	1.081205	3624.058105	289.269470	106876.601562
604	0.857716	1.081205	3623.898438	289.315063	106890.328125
605	0.869641	1.086129	3623.819824	289.245056	106626.265625
606	0.869641	1.086129	3623.207520	289.219421	106617.437500
607	0.869641	1.086129	3622.024658	289.118744	106568.226562
608	0.869641	1.086129	3621.435059	289.076904	106556.171875
609	0.869641	1.086129	3620.042236	288.966492	106520.687500
610	0.856633	1.084840	3620.634766	289.020447	106184.585938
611	0.856633	1.084840	3619.778564	288.926331	106161.000000
612	0.856633	1.084840	3620.550293	288.957214	106172.414062
613	0.856633	1.084840	3619.387939	288.925537	106156.046875
614	0.856633	1.084840	3618.850830	288.885712	106154.164062
615	0.854849	1.099247	3618.158691	288.809143	105302.960938
616	0.854849	1.099247	3617.913574	288.847565	105302.273438
617	0.854849	1.099247	3618.225830	288.822998	105296.664062
618	0.854849	1.099247	3618.144531	288.818817	105298.023438
619	0.854849	1.099247	3616.880859	288.660095	105228.500000
620	0.846827	1.102591	3616.864502	288.647064	104938.460938
621	0.846827	1.102591	3615.390625	288.492188	104885.664062
622	0.846827	1.102591	3612.067627	288.202332	104771.421875
623	0.846827	1.102591	3612.097168	288.205597	104760.812500
624	0.846827	1.102591	3612.652832	288.247131	104769.812500
625	0.862922	1.104386	3611.338379	288.196838	103851.054688
626	0.862922	1.104386	3611.192871	288.181335	103847.015625
627	0.862922	1.104386	3610.313721	288.070709	103810.046875
628	0.862922	1.104386	3609.909424	288.021606	103798.671875
629	0.862922	1.104386	3608.731934	287.928009	103772.171875
630	0.849426	1.109130	3606.844482	287.808167	104010.031250
631	0.849426	1.109130	3606.205566	287.806641	104009.671875
632	0.849426	1.109130	3606.205566	287.806641	104009.671875
633	0.849426	1.109130	3603.020996	287.514709	103916.218750
634	0.849426	1.109130	3603.312500	287.522552	103918.390625
635	0.842111	1.112623	3602.455811	287.457092	103649.898438
636	0.842111	1.112623	3600.296143	287.291260	103599.070312
637	0.842111	1.112623	3598.147949	287.117981	103529.921875
638	0.842111	1.112623	3597.391357	287.061584	103511.039062
639	0.842111	1.112623	3596.513184	287.009216	103495.046875
640	0.836704	1.118004	3595.155518	286.916107	102851.328125
641	0.836704	1.118004	3595.770020	286.967773	102869.382812
642	0.836704	1.118004	3595.344238	286.922577	102855.296875
643	0.836704	1.118004	3594.385254	286.833954	102820.710938
644	0.836704	1.118004	3593.885986	286.806335	102816.960938
645	0.837296	1.116074	3592.035889	286.715271	103144.679688
646	0.837296	1.116074	3591.374268	286.704803	103140.953125
647	0.837296	1.116074	3590.622314	286.610535	103088.093750
648	0.837296	1.116074	3589.070801	286.528503	103076.210938
649	0.837296	1.116074	3588.144531	286.523468	103079.093750
650	0.839002	1.124398	3588.777344	286.534576	102626.445312
651	0.839002	1.124398	3589.447754	286.487152	102612.828125
652	0.839002	1.124398	3589.069092	286.407074	102591.765625
653	0.839002	1.124398	3585.595215	286.181030	102507.648438
654	0.839002	1.124398	3584.545654	285.982117	102435.265625
655	0.840443	1.113131	3581.414062	285.784332	103257.320312
656	0.840443	1.113131	3581.163330	285.800598	103270.226562
657	0.840443	1.113131	3580.294434	285.739960	103250.117188
658	0.840443	1.113131	3579.514160	285.681427	103214.820312
659	0.840443	1.113131	3579.110596	285.691956	103228.390625
660	0.828272	1.127942	3580.665527	285.670380	102597.906250
661	0.828272	1.127942	3577.493652	285.517456	102560.671875
662	0.828272	1.127942	3577.339355	285.476257	102550.054688
663	0.828272	1.127942	3577.526123	285.498260	102565.671875
664	0.828272	1.127942	3576.942139	285.433289	102560.609375
665	0.825055	1.127076	3575.117920	285.358124	102885.765625
666	0.825055	1.127076	3574.062988	285.307068	102866.742188
667	0.825055	1.127076	3573.500000	285.272034	102852.437500
668	0.825055	1.127076	3573.106934	285.227356	102837.304688
669	0.825055	1.127076	3572.553223	285.142670	102803.476562
670	0.827795	1.130815	3572.083984	285.158112	102331.039062
671	0.827795	1.130815	3571.858887	285.112854	102313.835938
672	0.827795	1.130815	3571.348389	285.106598	102311.828125
673	0.827795	1.130815	3571.192871	285.092468	102307.515625
674	0.827795	1.130815	3570.928955	285.042328	102289.515625
675	0.817527	1.122547	3571.114014	285.013763	103508.242188
676	0.817527	1.122547	3570.826172	285.017395	103507.859375
677	0.817527	1.122547	3571.541504	285.045929	103516.640625
678	0.817527	1.122547	3571.436035	285.044403	103516.554688
679	0.817527	1.122547	3571.443359	285.091583	103532.265625
680	0.818342	1.128779	3572.072998	285.134003	103219.242188
681	0.818342	1.128779	3571.962402	285.141693	103224.109375
682	0.818342	1.128779	3571.777832	285.141418	103224.703125
683	0.818342	1.128779	3572.634277	285.130249	103219.867188
684	0.818342	1.128779	3572.764404	285.180267	103233.359375
685	0.826569	1.131022	3572.926514	285.177795	103053.140625
686	0.826569	1.131022	3571.973145	285.146454	103043.062500
687	0.826569	1.131022	3571.639404	285.157684	103044.617188
688	0.826569	1.131022	3571.894043	285.141663	103030.875000
689	0.826569	1.131022	3571.619141	285.099060	103017.914062
690	0.821598	1.137343	3572.083984	285.109680	102596.351562
691	0.821598	1.137343	3571.540283	285.119171	102600.500000
692	0.821598	1.137343	3571.631348	285.084076	102585.390625
693	0.821598	1.137343	3571.632080	285.072266	102580.648438
694	0.821598	1.137343	3570.619629	284.944336	102540.757812
695	0.815017	1.137335	3569.272949	284.847595	102178.187500
696	0.815017	1.137335	3568.994873	284.794983	102171.109375
697	0.815017	1.137335	3568.313232	284.773956	102161.960938
698	0.815017	1.137335	3568.021973	284.726135	102144.656250
699	0.815017	1.137335	3567.009033	284.639191	102115.914062
700	0.827571	1.135737	3566.025879	284.506561	102536.453125
701	0.827571	1.135737	3565.432129	284.489929	102531.062500
702	0.827571	1.135737	3564.391113	284.410339	102504.648438
703	0.827571	1.135737	3563.009766	284.363251	102499.531250
704	0.827571	1.135737	3562.884033	284.369232	102499.992188
705	0.818559	1.130325	3561.305908	284.231873	103260.171875
706	0.818559	1.130325	3561.546875	284.201721	103238.484375
707	0.818559	1.130325	3560.972656	284.185883	103230.000000
708	0.818559	1.130325	3560.478027	284.086578	103199.390625
709	0.818559	1.130325	3558.171143	284.022766	103182.679688
710	0.820142	1.118794	3557.479736	283.933594	104299.914062
711	0.820142	1.118794	3557.065918	283.827667	104266.382812
712	0.820142	1.118794	3557.708984	283.852814	104266.484375
713	0.820142	1.118794	3556.329590	283.785858	104247.421875
714	0.820142	1.118794	3556.273438	283.835419	104299.476562
715	0.806533	1.132350	3556.496582	283.846619	103527.835938
716	0.806533	1.132350	3555.884033	283.784454	103509.203125
717	0.806533	1.132350	3555.642578	283.780212	103505.453125
718	0.806533	1.132350	3555.416504	283.788483	103507.812500
719	0.806533	1.132350	3554.987793	283.717163	103485.414062
720	0.796423	1.125057	3555.904297	283.776428	104305.460938
721	0.796423	1.125057	3554.289795	283.673309	104275.898438
722	0.796423	1.125057	3552.872559	283.519043	104208.414062
723	0.796423	1.125057	3548.762939	283.182770	104104.523438
724	0.796423	1.125057	3548.364746	283.151123	104096.664062
725	0.782092	1.110834	3546.845215	282.964722	106746.226562
726	0.782092	1.110834	3546.320801	282.946472	106739.273438
727	0.782092	1.110834	3545.975830	282.918610	106748.148438
728	0.782092	1.110834	3543.066895	282.725250	106686.953125
729	0.782092	1.110834	3543.066895	282.725250	106686.953125
730	0.768648	1.112706	3541.432129	282.632019	106700.562500
731	0.768648	1.112706	3540.802002	282.588074	106687.101562
732	0.768648	1.112706	3540.335205	282.543549	106673.835938
733	0.768648	1.112706	3537.927002	282.355286	106557.523438
734	0.768648	1.112706	3538.678223	282.447815	106594.335938
735	0.760168	1.116691	3538.301514	282.432709	106664.664062
736	0.760168	1.116691	3537.924316	282.414856	106660.398438
737	0.760168	1.116691	3537.571045	282.276245	106624.375000
738	0.760168	1.116691	3536.602295	282.210632	106582.078125
739	0.760168	1.116691	3535.777344	282.174286	106576.937500
740	0.765061	1.117664	3535.471924	282.152435	107700.101562
741	0.765061	1.117664	3536.211426	282.251190	107738.335938
742	0.765061	1.117664	3534.903809	282.163513	107687.023438
743	0.765061	1.117664	3534.487549	282.087341	107644.625000
744	0.765061	1.117664	3535.266357	282.124329	107657.578125
745	0.772765	1.111622	3534.837402	282.070038	108339.828125
746	0.772765	1.111622	3533.848877	282.001556	108313.789062
747	0.772765	1.111622	3531.980469	281.876068	108270.437500
748	0.772765	1.111622	3531.399658	281.862183	108257.226562
749	0.772765	1.111622	3530.805420	281.859100	108253.359375
750	0.767967	1.120332	3530.395264	281.838440	107530.765625
751	0.767967	1.120332	3529.508545	281.753326	107493.960938
752	0.767967	1.120332	3529.309082	281.764496	107495.710938
753	0.767967	1.120332	3529.549316	281.778168	107510.921875
754	0.767967	1.120332	3528.770264	281.699707	107485.750000
755	0.767808	1.122645	3527.867676	281.623474	107575.976562
756	0.767808	1.122645	3527.061279	281.528442	107548.914062
757	0.767808	1.122645	3526.455566	281.490143	107539.015625
758	0.767808	1.122645	3525.136719	281.448425	107526.789062
759	0.767808	1.122645	3524.520996	281.414734	107515.140625
760	0.774197	1.125932	3523.999512	281.381989	107011.125000
761	0.774197	1.125932	3523.919434	281.317841	106990.335938
762	0.774197	1.125932	3524.303223	281.316620	106991.898438
763	0.774197	1.125932	3524.219971	281.295502	106985.148438
764	0.774197	1.125932	3523.741699	281.278809	106975.835938
765	0.765191	1.129902	3522.694824	281.231750	107307.671875
766	0.765191	1.129902	3523.024658	281.205658	107301.687500
767	0.765191	1.129902	3520.770264	281.087585	107262.460938
768	0.765191	1.129902	3520.992920	281.056305	107253.812500
769	0.765191	1.129902	3521.625000	281.036774	107243.585938
770	0.765771	1.127394	3522.133545	281.016693	107693.523438
771	0.765771	1.127394	3520.600098	280.969421	107699.750000
772	0.765771	1.127394	3519.787109	280.933533	107678.234375
773	0.765771	1.127394	3519.125000	280.874817	107658.851562
774	0.765771	1.127394	3518.871094	280.830139	107648.296875
775	0.762289	1.122968	3518.417236	280.849609	107984.062500
776	0.762289	1.122968	3517.950684	280.837738	107984.234375
777	0.762289	1.122968	3517.564941	280.749908	107934.703125
778	0.762289	1.122968	3515.715332	280.585358	107852.351562
779	0.762289	1.122968	3513.833252	280.483795	107816.585938
780	0.750477	1.122321	3512.925049	280.330658	109212.773438
781	0.750477	1.122321	3512.064453	280.346985	109211.484375
782	0.750477	1.122321	3511.850342	280.334625	109206.101562
783	0.750477	1.122321	3510.537598	280.194031	109154.515625
784	0.750477	1.122321	3509.849609	280.140778	109119.890625
785	0.738351	1.124106	3511.173340	280.210510	108399.187500
786	0.738351	1.124106	3511.152344	280.186584	108372.437500
787	0.738351	1.124106	3510.981934	280.207855	108363.773438
788	0.738351	1.124106	3509.365723	280.084381	108306.109375
789	0.738351	1.124106	3506.891113	279.899872	108253.609375
790	0.728746	1.121473	3505.026123	279.805267	110494.648438
791	0.728746	1.121473	3504.288330	279.699158	110453.601562
792	0.728746	1.121473	3503.739746	279.677094	110440.187500
793	0.728746	1.121473	3502.763184	279.573456	110410.625000
794	0.728746	1.121473	3501.802246	279.476257	110385.101562
795	0.741459	1.124897	3499.857422	279.333496	110569.875000
796	0.741459	1.124897	3498.238281	279.131653	110515.750000
797	0.741459	1.124897	3496.612061	278.992645	110478.789062
798	0.741459	1.124897	3495.014160	278.937134	110465.398438
799	0.741459	1.124897	3494.568848	278.855164	110424.515625
800	0.752085	1.130789	3494.087158	278.842834	110660.789062
801	0.752085	1.130789	3494.087158	278.842834	110660.789062
802	0.752085	1.130789	3494.055908	278.832672	110657.835938
803	0.752085	1.130789	3493.833252	278.790924	110628.421875
804	0.752085	1.130789	3491.427002	278.670715	110629.398438
805	0.764660	1.137132	3492.339844	278.714905	107104.851562
806	0.764660	1.137132	3493.012207	278.745819	107115.835938
807	0.764660	1.137132	3490.049561	278.539185	107048.351562
808	0.764660	1.137132	3489.928223	278.533569	107046.640625
809	0.764660	1.137132	3487.864502	278.341675	106997.476562
810	0.779968	1.149653	3488.277344	278.393616	106524.851562
811	0.779968	1.149653	3489.078857	278.492126	106597.914062
812	0.779968	1.149653	3486.867188	278.299896	106506.023438
813	0.779968	1.149653	3486.764404	278.260681	106494.921875
814	0.779968	1.149653	3486.009033	278.211731	106485.273438
815	0.793441	1.140202	3485.440918	278.173004	105179.734375
816	0.793441	1.140202	3485.564453	278.213196	105236.148438
817	0.793441	1.140202	3485.015137	278.183014	105226.625000
818	0.793441	1.140202	3484.735596	278.133484	105216.460938
819	0.793441	1.140202	3483.465576	278.065247	105203.523438
820	0.782625	1.138895	3482.089844	277.934357	104948.484375
821	0.782625	1.138895	3481.985596	277.921997	104944.625000
822	0.782625	1.138895	3481.498779	277.838745	104897.046875
823	0.782625	1.138895	3479.574219	277.634308	104780.875000
824	0.782625	1.138895	3476.733154	277.385620	104711.187500
825	0.796530	1.131683	3477.633301	277.463501	105873.789062
826	0.796530	1.131683	3475.878418	277.360504	105833.765625
827	0.796530	1.131683	3474.151123	277.226685	105790.484375
828	0.796530	1.131683	3472.994141	277.076813	105736.328125
829	0.796530	1.131683	3471.477051	277.046783	105714.773438
830	0.788703	1.135554	3472.078613	277.087463	105261.226562
831	0.788703	1.135554	3471.900879	277.103149	105269.351562
832	0.788703	1.135554	3471.036621	277.046722	105242.296875
833	0.788703	1.135554	3470.143311	276.979187	105219.640625
834	0.788703	1.135554	3468.854004	276.879700	105180.164062
835	0.786592	1.142857	3468.544189	276.873566	104520.453125
836	0.786592	1.142857	3467.123535	276.793884	104481.351562
837	0.786592	1.142857	3465.991699	276.668274	104441.460938
838	0.786592	1.142857	3465.678955	276.626678	104424.765625
839	0.786592	1.142857	3464.996094	276.529846	104383.414062
840	0.776107	1.129176	3465.475342	276.541107	107407.351562
841	0.776107	1.129176	3464.902344	276.509796	107390.375000
842	0.776107	1.129176	3463.919922	276.473572	107380.687500
843	0.776107	1.129176	3463.460938	276.414856	107362.171875
844	0.776107	1.129176	3463.176270	276.395874	107358.039062
845	0.785740	1.124927	3461.432861	276.294495	106560.726562
846	0.785740	1.124927	3461.496582	276.271362	106554.523438
847	0.785740	1.124927	3461.425049	276.298828	106571.023438
848	0.785740	1.124927	3460.906982	276.266602	106560.421875
849	0.785740	1.124927	3458.792480	276.145935	106516.351562
850	0.797300	1.115948	3457.883545	276.149811	107316.734375
851	0.797300	1.115948	3457.741699	276.052948	107272.078125
852	0.797300	1.115948	3457.386719	276.051666	107269.648438
853	0.797300	1.115948	3456.781982	276.031555	107263.789062
854	0.797300	1.115948	3457.011719	276.036804	107265.625000
855	0.795196	1.118037	3456.175293	275.962738	107247.601562
856	0.795196	1.118037	3455.735840	275.826233	107183.203125
857	0.795196	1.118037	3455.712402	275.849701	107189.203125
858	0.795196	1.118037	3455.333252	275.836487	107189.289062
859	0.795196	1.118037	3454.658936	275.792908	107174.398438
860	0.803397	1.127249	3454.582520	275.748840	106437.062500
861	0.803397	1.127249	3454.477051	275.759827	106439.000000
862	0.803397	1.127249	3453.175781	275.651642	106408.765625
863	0.803397	1.127249	3452.912842	275.616272	106390.687500
864	0.803397	1.127249	3451.966309	275.499573	106342.062500
865	0.810560	1.126008	3450.069824	275.407166	106632.148438
866	0.810560	1.126008	3449.447754	275.365021	106607.585938
867	0.810560	1.126008	3448.883301	275.303253	106584.710938
868	0.810560	1.126008	3447.229980	275.208252	106536.890625
869	0.810560	1.126008	3445.702393	275.071106	106479.734375
870	0.800752	1.118287	3445.233643	275.014221	107978.359375
871	0.800752	1.118287	3444.308594	274.954346	107980.273438
872	0.800752	1.118287	3441.330078	274.720367	107889.203125
873	0.800752	1.118287	3440.062988	274.650330	107862.835938
874	0.800752	1.118287	3439.407471	274.597595	107844.960938
875	0.804297	1.114287	3439.201660	274.607727	107943.437500
876	0.804297	1.114287	3438.074951	274.473450	107905.546875
877	0.804297	1.114287	3438.563965	274.495605	107914.765625
878	0.804297	1.114287	3439.520752	274.574188	107948.710938
879	0.804297	1.114287	3438.713623	274.481232	107932.335938
880	0.801722	1.117854	3437.080811	274.345398	107275.250000
881	0.801722	1.117854	3434.374512	274.120270	107186.000000
882	0.801722	1.117854	3433.844238	274.099670	107177.000000
883	0.801722	1.117854	3433.332520	274.081482	107160.984375
884	0.801722	1.117854	3432.805176	274.071045	107157.835938
885	0.795141	1.115103	3431.462402	273.925415	108064.890625
886	0.795141	1.115103	3431.184082	273.924591	108075.351562
887	0.795141	1.115103	3430.546875	273.844910	108045.546875
888	0.795141	1.115103	3429.934082	273.838196	108072.523438
889	0.795141	1.115103	3429.377441	273.810303	108062.125000
890	0.787732	1.107042	3428.734375	273.732605	109215.109375
891	0.787732	1.107042	3427.597168	273.677338	109191.625000
892	0.787732	1.107042	3427.968750	273.679749	109180.601562
893	0.787732	1.107042	3427.000732	273.600677	109159.101562
894	0.787732	1.107042	3427.151611	273.672363	109189.539062
895	0.779103	1.109240	3426.912598	273.637756	109873.000000
896	0.779103	1.109240	3426.179199	273.552826	109844.546875
897	0.779103	1.109240	3425.671143	273.510925	109823.250000
898	0.779103	1.109240	3425.728027	273.519104	109833.453125
899	0.779103	1.109240	3426.325439	273.539001	109840.109375
900	0.779214	1.107822	3425.977295	273.487427	109699.851562
901	0.779214	1.107822	3424.930908	273.446808	109691.484375
902	0.779214	1.107822	3425.442627	273.464508	109701.734375
903	0.779214	1.107822	3425.327393	273.503235	109719.812500
904	0.779214	1.107822	3424.559082	273.390076	109672.203125
905	0.771792	1.110736	3424.679688	273.420258	108694.796875
906	0.771792	1.110736	3423.762939	273.449860	108702.523438
907	0.771792	1.110736	3422.561279	273.390320	108687.210938
908	0.771792	1.110736	3422.353027	273.331879	108673.890625
909	0.771792	1.110736	3421.731689	273.319366	108666.210938
910	0.765648	1.104012	3421.530762	273.263184	110148.734375
911	0.765648	1.104012	3421.395020	273.244446	110151.601562
912	0.765648	1.104012	3420.274658	273.124817	110123.000000
913	0.765648	1.104012	3418.895020	272.992218	110073.500000
914	0.765648	1.104012	3419.244141	272.990417	110074.187500
915	0.772632	1.100516	3418.110596	272.930176	109689.015625
916	0.772632	1.100516	3416.875732	272.837555	109641.625000
917	0.772632	1.100516	3416.442139	272.795013	109626.203125
918	0.772632	1.100516	3415.163574	272.675873	109581.976562
919	0.772632	1.100516	3413.646484	272.585052	109547.390625
920	0.780914	1.103550	3413.225342	272.496582	108908.453125
921	0.780914	1.103550	3413.643311	272.538269	108926.703125
922	0.780914	1.103550	3411.973145	272.439209	108894.351562
923	0.780914	1.103550	3411.607422	272.407043	108872.398438
924	0.780914	1.103550	3411.607422	272.407043	108872.398438
925	0.775140	1.101718	3409.227783	272.184937	108950.546875
926	0.775140	1.101718	3409.385498	272.215820	108949.203125
927	0.775140	1.101718	3408.392090	272.177521	108916.273438
928	0.775140	1.101718	3408.311035	272.172516	108904.234375
929	0.775140	1.101718	3407.627686	272.098694	108864.460938
930	0.769768	1.108398	3407.203857	272.022217	109329.273438
931	0.769768	1.108398	3407.146484	272.038300	109335.984375
932	0.769768	1.108398	3406.917236	272.005066	109326.085938
933	0.769768	1.108398	3405.060547	271.926514	109301.101562
934	0.769768	1.108398	3405.424561	271.929321	109304.921875
935	0.771102	1.110198	3405.182861	271.858704	109304.234375
936	0.771102	1.110198	3405.136719	271.823486	109275.875000
937	0.771102	1.110198	3403.792480	271.774384	109251.203125
938	0.771102	1.110198	3403.604004	271.714752	109219.609375
939	0.771102	1.110198	3403.602295	271.738434	109216.414062
940	0.764936	1.105454	3402.040283	271.557495	109968.109375
941	0.764936	1.105454	3401.746582	271.540588	109949.648438
942	0.764936	1.105454	3400.032471	271.469299	109912.789062
943	0.764936	1.105454	3399.183105	271.438416	109895.078125
944	0.764936	1.105454	3398.883545	271.453918	109899.039062
945	0.763747	1.099120	3398.914062	271.402039	110497.164062
946	0.763747	1.099120	3398.855469	271.357300	110477.171875
947	0.763747	1.099120	3397.972656	271.277771	110466.312500
948	0.763747	1.099120	3398.730957	271.339874	110484.796875
949	0.763747	1.099120	3398.584717	271.308655	110474.523438
950	0.761450	1.101427	3397.914062	271.280273	110557.210938
951	0.761450	1.101427	3396.416504	271.251038	110544.960938
952	0.761450	1.101427	3397.104980	271.263092	110550.796875
953	0.761450	1.101427	3397.055176	271.251129	110551.140625
954	0.761450	1.101427	3396.272217	271.156891	110516.078125
955	0.754758	1.098268	3395.807861	271.143616	111018.546875
956	0.754758	1.098268	3395.647217	271.128754	111019.296875
957	0.754758	1.098268	3396.119141	271.161774	111037.976562
958	0.754758	1.098268	3395.101074	271.103516	111020.687500
959	0.754758	1.098268	3394.941895	271.012299	110975.171875
960	0.760054	1.090714	3393.502441	270.906677	111967.734375
961	0.760054	1.090714	3392.444580	270.826965	111942.390625
962	0.760054	1.090714	3391.725098	270.767120	111915.585938
963	0.760054	1.090714	3392.561035	270.835754	111938.953125
964	0.760054	1.090714	3393.281738	270.870178	111954.664062
965	0.763059	1.095733	3392.462891	270.876617	111461.335938
966	0.763059	1.095733	3391.811768	270.773132	111410.296875
967	0.763059	1.095733	3390.691406	270.653412	111379.812500
968	0.763059	1.095733	3387.873779	270.460114	111309.671875
969	0.763059	1.095733	3385.960938	270.355774	111261.890625
970	0.752622	1.098485	3385.108643	270.258453	111270.625000
971	0.752622	1.098485	3381.583496	269.923767	111146.953125
972	0.752622	1.098485	3380.423828	269.878418	111129.953125
973	0.752622	1.098485	3380.259277	269.893738	111134.203125
974	0.752622	1.098485	3379.453857	269.833893	111112.960938
975	0.765267	1.099189	3378.525879	269.737091	110825.953125
976	0.765267	1.099189	3378.313232	269.649811	110750.859375
977	0.765267	1.099189	3377.766357	269.673309	110785.890625
978	0.765267	1.099189	3376.713623	269.622589	110795.476562
979	0.765267	1.099189	3376.643066	269.523621	110761.273438
980	0.763795	1.111679	3376.021973	269.485413	110614.453125
981	0.763795	1.111679	3375.256348	269.438995	110599.851562
982	0.763795	1.111679	3375.196045	269.481293	110617.562500
983	0.763795	1.111679	3374.315186	269.409973	110594.187500
984	0.763795	1.111679	3374.511230	269.425385	110594.359375
985	0.763600	1.109628	3374.750000	269.418335	110905.890625
986	0.763600	1.109628	3374.573730	269.425385	110904.703125
987	0.763600	1.109628	3373.422363	269.343597	110866.460938
988	0.763600	1.109628	3372.190186	269.289368	110857.187500
989	0.763600	1.109628	3371.122559	269.181366	110809.460938
990	0.753862	1.105697	3370.245605	269.042297	112601.875000
991	0.753862	1.105697	3371.294434	269.098724	112645.976562
992	0.753862	1.105697	3368.869629	268.949097	112563.937500
993	0.753862	1.105697	3368.903809	268.938049	112560.585938
994	0.753862	1.105697	3368.598145	268.905579	112561.453125
995	0.759894	1.112337	3366.679688	268.823547	112277.726562
996	0.759894	1.112337	3368.222656	268.915039	112331.265625
997	0.759894	1.112337	3368.300049	268.897644	112329.109375
998	0.759894	1.112337	3367.093750	268.746185	112287.476562
999	0.759894	1.112337	3365.802002	268.685669	112257.664062
1000	0.756585	1.112646	3363.971924	268.502563	112473.484375
