0 nan
100000 79.056942
200000 111.803399
300000 136.930639
400000 158.113883
500000 176.776695
600000 193.649167
700000 209.165007
800000 223.606798
900000 237.170825
1000000 250.000000
1100000 262.202212
1200000 273.861279
1300000 285.043856
1400000 295.803989
1500000 306.186218
1600000 316.227766
1700000 325.960120
1800000 335.410197
1900000 344.601219
2000000 353.553391
2100000 362.284419
2200000 370.809924
2300000 379.143772
2400000 387.298335
2500000 395.284708
2600000 403.112887
2700000 410.791918
2800000 418.330013
2900000 425.734659
3000000 433.012702
3100000 440.170422
3200000 447.213595
3300000 454.147553
3400000 460.977223
3500000 467.707173
3600000 474.341649
3700000 480.884602
3800000 487.339717
3900000 493.710441
4000000 500.000000
4100000 506.211418
4200000 512.347538
4300000 518.411034
4400000 524.404424
4500000 530.330086
4600000 536.190265
4700000 541.987085
4800000 547.722558
4900000 553.398591
5000000 559.016994
5100000 564.579490
5200000 570.087713
5300000 575.543222
5400000 580.947502
5500000 586.301970
5600000 591.607978
5700000 596.866819
5800000 602.079729
5900000 607.247890
6000000 612.372436
6100000 617.454452
6200000 622.494980
6300000 627.495020
6400000 632.455532
6500000 637.377439
6600000 642.261629
6700000 647.108955
6800000 651.920241
6900000 656.696277
7000000 661.437828
7100000 666.145630
7200000 670.820393
7300000 675.462804
7400000 680.073525
7500000 684.653197
7600000 689.202438
7700000 693.721846
7800000 698.212002
7900000 702.673466
8000000 707.106781
8100000 711.512474
8200000 715.891053
8300000 720.243015
8400000 724.568837
8500000 728.868987
8600000 733.143915
8700000 737.394060
8800000 741.619849
8900000 745.821695
9000000 750.000000
9100000 754.155156
9200000 758.287544
9300000 762.397534
9400000 766.485486
9500000 770.551750
9600000 774.596669
9700000 778.620575
9800000 782.623792
9900000 786.606636
10000000 790.569415
10100000 794.512429
10200000 798.435971
10300000 802.340327
10400000 806.225775
10500000 810.092587
10600000 813.941030
10700000 817.771362
10800000 821.583836
10900000 825.378701
11000000 829.156198
11100000 832.916562
11200000 836.660027
11300000 840.386816
11400000 844.097151
11500000 847.791248
11600000 851.469318
11700000 855.131569
11800000 858.778202
11900000 862.409416
12000000 866.025404
12100000 869.626357
12200000 873.212460
12300000 876.783896
12400000 880.340843
12500000 883.883476
12600000 887.411967
12700000 890.926484
12800000 894.427191
12900000 897.914250
13000000 901.387819
13100000 904.848054
13200000 908.295106
13300000 911.729126
13400000 915.150261
13500000 918.558654
13600000 921.954446
13700000 925.337776
13800000 928.708781
13900000 932.067594
14000000 935.414347
14100000 938.749168
14200000 942.072184
14300000 945.383520
14400000 948.683298
14500000 951.971638
14600000 955.248659
14700000 958.514476
14800000 961.769203
14900000 965.012953
15000000 968.245837
15100000 971.467961
15200000 974.679434
15300000 977.880361
15400000 981.070844
15500000 984.250984
15600000 987.420883
15700000 990.580638
15800000 993.730346
15900000 996.870102
16000000 1000.000000
16100000 1003.120132
16200000 1006.230590
16300000 1009.331462
16400000 1012.422837
16500000 1015.504801
16600000 1018.577439
16700000 1021.640837
16800000 1024.695077
16900000 1027.740240
17000000 1030.776406
17100000 1033.803656
17200000 1036.822068
17300000 1039.831717
17400000 1042.832681
17500000 1045.825033
17600000 1048.808848
17700000 1051.784198
17800000 1054.751155
17900000 1057.709790
18000000 1060.660172
18100000 1063.602369
18200000 1066.536450
18300000 1069.462482
18400000 1072.380529
18500000 1075.290658
18600000 1078.192933
18700000 1081.087416
18800000 1083.974169
18900000 1086.853256
19000000 1089.724736
19100000 1092.588669
19200000 1095.445115
19300000 1098.294132
19400000 1101.135777
19500000 1103.970108
19600000 1106.797181
19700000 1109.617051
19800000 1112.429773
19900000 1115.235401
20000000 1118.033989
20100000 1120.825589
20200000 1123.610253
20300000 1126.388033
20400000 1129.158979
20500000 1131.923142
20600000 1134.680572
20700000 1137.431317
20800000 1140.175425
20900000 1142.912945
21000000 1145.643924
21100000 1148.368408
21200000 1151.086443
21300000 1153.798076
21400000 1156.503351
21500000 1159.202312
21600000 1161.895004
21700000 1164.581470
21800000 1167.261753
21900000 1169.935896
22000000 1172.603940
22100000 1175.265927
22200000 1177.921899
22300000 1180.571895
22400000 1183.215957
22500000 1185.854123
22600000 1188.486432
22700000 1191.112925
22800000 1193.733639
22900000 1196.348611
23000000 1198.957881
23100000 1201.561484
23200000 1204.159458
23300000 1206.751839
23400000 1209.338662
23500000 1211.919964
23600000 1214.495780
23700000 1217.066144
23800000 1219.631092
23900000 1222.190656
24000000 1224.744871
24100000 1227.293771
24200000 1229.837388
24300000 1232.375754
24400000 1234.908904
24500000 1237.436867
24600000 1239.959677
24700000 1242.477364
24800000 1244.989960
24900000 1247.497495
25000000 1250.000000
25100000 1252.497505
25200000 1254.990040
25300000 1257.477634
25400000 1259.960317
25500000 1262.438117
25600000 1264.911064
25700000 1267.379186
25800000 1269.842510
25900000 1272.301065
26000000 1274.754878
26100000 1277.203977
26200000 1279.648389
26300000 1282.088140
26400000 1284.523258
26500000 1286.953768
26600000 1289.379696
26700000 1291.801068
26800000 1294.217911
26900000 1296.630248
27000000 1299.038106
27100000 1301.441508
27200000 1303.840481
27300000 1306.235048
27400000 1308.625233
27500000 1311.011060
27600000 1313.392554
27700000 1315.769737
27800000 1318.142633
27900000 1320.511265
28000000 1322.875656
28100000 1325.235828
28200000 1327.591805
28300000 1329.943608
28400000 1332.291259
28500000 1334.634782
28600000 1336.974196
28700000 1339.309524
28800000 1341.640786
28900000 1343.968006
29000000 1346.291202
29100000 1348.610396
29200000 1350.925609
29300000 1353.236860
29400000 1355.544171
29500000 1357.847561
29600000 1360.147051
29700000 1362.442659
29800000 1364.734406
29900000 1367.022311
30000000 1369.306394
30100000 1371.586672
30200000 1373.863166
30300000 1376.135894
30400000 1378.404875
30500000 1380.670127
30600000 1382.931669
30700000 1385.189518
30800000 1387.443693
30900000 1389.694211
31000000 1391.941091
31100000 1394.184349
31200000 1396.424004
31300000 1398.660073
31400000 1400.892573
31500000 1403.121520
31600000 1405.346932
31700000 1407.568826
31800000 1409.787218
31900000 1412.002125
32000000 1414.213562
32100000 1416.421547
32200000 1418.626096
32300000 1420.827224
32400000 1423.024947
32500000 1425.219281
32600000 1427.410242
32700000 1429.597846
32800000 1431.782106
32900000 1433.963040
33000000 1436.140662
33100000 1438.314986
33200000 1440.486029
33300000 1442.653805
33400000 1444.818328
33500000 1446.979613
33600000 1449.137675
33700000 1451.292527
33800000 1453.444185
33900000 1455.592663
34000000 1457.737974
34100000 1459.880132
34200000 1462.019152
34300000 1464.155046
34400000 1466.287830
34500000 1468.417516
34600000 1470.544117
34700000 1472.667648
34800000 1474.788120
34900000 1476.905549
35000000 1479.019946
35100000 1481.131324
35200000 1483.239697
35300000 1485.345078
35400000 1487.447478
35500000 1489.546911
35600000 1491.643389
35700000 1493.736925
35800000 1495.827530
35900000 1497.915218
36000000 1500.000000
36100000 1502.081889
36200000 1504.160896
36300000 1506.237033
36400000 1508.310313
36500000 1510.380747
36600000 1512.448346
36700000 1514.513123
36800000 1516.575089
36900000 1518.634255
37000000 1520.690633
37100000 1522.744233
37200000 1524.795068
37300000 1526.843148
37400000 1528.888485
37500000 1530.931089
37600000 1532.970972
37700000 1535.008143
37800000 1537.042615
37900000 1539.074397
38000000 1541.103501
38100000 1543.129936
38200000 1545.153714
38300000 1547.174845
38400000 1549.193338
38500000 1551.209206
38600000 1553.222457
38700000 1555.233101
38800000 1557.241150
38900000 1559.246613
39000000 1561.249500
39100000 1563.249820
39200000 1565.247584
39300000 1567.242802
39400000 1569.235483
39500000 1571.225636
39600000 1573.213272
39700000 1575.198400
39800000 1577.181030
39900000 1579.161170
40000000 1581.138830
40100000 1583.114020
40200000 1585.086748
40300000 1587.057025
40400000 1589.024858
40500000 1590.990258
40600000 1592.953232
40700000 1594.913791
40800000 1596.871942
40900000 1598.827696
41000000 1600.781059
41100000 1602.732042
41200000 1604.680654
41300000 1606.626901
41400000 1608.570794
41500000 1610.512341
41600000 1612.451550
41700000 1614.388429
41800000 1616.322988
41900000 1618.255233
42000000 1620.185175
42100000 1622.112820
42200000 1624.038177
42300000 1625.961254
42400000 1627.882060
42500000 1629.800601
42600000 1631.716887
42700000 1633.630925
42800000 1635.542723
42900000 1637.452289
43000000 1639.359631
43100000 1641.264756
43200000 1643.167673
43300000 1645.068388
43400000 1646.966909
43500000 1648.863245
43600000 1650.757402
43700000 1652.649388
43800000 1654.539211
43900000 1656.426877
44000000 1658.312395
44100000 1660.195772
44200000 1662.077014
44300000 1663.956129
44400000 1665.833125
44500000 1667.708008
44600000 1669.580786
44700000 1671.451465
44800000 1673.320053
44900000 1675.186557
45000000 1677.050983
45100000 1678.913339
45200000 1680.773631
45300000 1682.631867
45400000 1684.488053
45500000 1686.342195
45600000 1688.194302
45700000 1690.044378
45800000 1691.892432
45900000 1693.738469
46000000 1695.582496
46100000 1697.424520
46200000 1699.264547
46300000 1701.102584
46400000 1702.938637
46500000 1704.772712
46600000 1706.604817
46700000 1708.434956
46800000 1710.263138
46900000 1712.089367
47000000 1713.913650
47100000 1715.735994
47200000 1717.556404
47300000 1719.374886
47400000 1721.191448
47500000 1723.006094
47600000 1724.818831
47700000 1726.629665
47800000 1728.438602
47900000 1730.245647
48000000 1732.050808
48100000 1733.854088
48200000 1735.655496
48300000 1737.455035
48400000 1739.252713
48500000 1741.048535
48600000 1742.842506
48700000 1744.634632
48800000 1746.424920
48900000 1748.213374
49000000 1750.000000
49100000 1751.784804
49200000 1753.567792
49300000 1755.348968
49400000 1757.128339
49500000 1758.905910
49600000 1760.681686
49700000 1762.455673
49800000 1764.227876
49900000 1765.998301
50000000 1767.766953
50100000 1769.533837
50200000 1771.298958
50300000 1773.062323
50400000 1774.823935
50500000 1776.583800
50600000 1778.341924
50700000 1780.098312
50800000 1781.852968
50900000 1783.605898
51000000 1785.357107
51100000 1787.106600
51200000 1788.854382
51300000 1790.600458
51400000 1792.344833
51500000 1794.087512
51600000 1795.828500
51700000 1797.567801
51800000 1799.305422
51900000 1801.041365
52000000 1802.775638
52100000 1804.508243
52200000 1806.239187
52300000 1807.968473
52400000 1809.696107
52500000 1811.422093
52600000 1813.146436
52700000 1814.869141
52800000 1816.590212
52900000 1818.309655
53000000 1820.027472
53100000 1821.743670
53200000 1823.458253
53300000 1825.171225
53400000 1826.882591
53500000 1828.592355
53600000 1830.300522
53700000 1832.007096
53800000 1833.712082
53900000 1835.415484
54000000 1837.117307
54100000 1838.817555
54200000 1840.516232
54300000 1842.213343
54400000 1843.908891
54500000 1845.602883
54600000 1847.295320
54700000 1848.986209
54800000 1850.675552
54900000 1852.363355
55000000 1854.049622
55100000 1855.734356
55200000 1857.417562
55300000 1859.099244
55400000 1860.779407
55500000 1862.458053
55600000 1864.135188
55700000 1865.810816
55800000 1867.484940
55900000 1869.157564
56000000 1870.828693
56100000 1872.498331
56200000 1874.166481
56300000 1875.833148
56400000 1877.498336
56500000 1879.162047
56600000 1880.824287
56700000 1882.485060
56800000 1884.144368
56900000 1885.802217
57000000 1887.458609
57100000 1889.113549
57200000 1890.767040
57300000 1892.419087
57400000 1894.069692
57500000 1895.718861
57600000 1897.366596
57700000 1899.012901
57800000 1900.657781
57900000 1902.301238
58000000 1903.943276
58100000 1905.583900
58200000 1907.223112
58300000 1908.860917
58400000 1910.497317
58500000 1912.132318
58600000 1913.765921
58700000 1915.398131
58800000 1917.028951
58900000 1918.658385
59000000 1920.286437
59100000 1921.913109
59200000 1923.538406
59300000 1925.162331
59400000 1926.784887
59500000 1928.406078
59600000 1930.025907
59700000 1931.644377
59800000 1933.261493
59900000 1934.877257
60000000 1936.491673
60100000 1938.104744
60200000 1939.716474
60300000 1941.326866
60400000 1942.935923
60500000 1944.543648
60600000 1946.150046
60700000 1947.755118
60800000 1949.358869
60900000 1950.961302
61000000 1952.562419
61100000 1954.162225
61200000 1955.760722
61300000 1957.357913
61400000 1958.953802
61500000 1960.548393
61600000 1962.141687
61700000 1963.733689
61800000 1965.324401
61900000 1966.913826
62000000 1968.501969
62100000 1970.088830
62200000 1971.674415
62300000 1973.258726
62400000 1974.841766
62500000 1976.423538
62600000 1978.004044
62700000 1979.583289
62800000 1981.161276
62900000 1982.738006
63000000 1984.313483
63100000 1985.887711
63200000 1987.460691
63300000 1989.032428
63400000 1990.602924
63500000 1992.172181
63600000 1993.740204
63700000 1995.306994
63800000 1996.872555
63900000 1998.436889
64000000 2000.000000
64100000 2001.561890
64200000 2003.122562
64300000 2004.682020
64400000 2006.240265
64500000 2007.797301
64600000 2009.353130
64700000 2010.907755
64800000 2012.461180
64900000 2014.013406
65000000 2015.564437
65100000 2017.114275
65200000 2018.662924
65300000 2020.210385
65400000 2021.756662
65500000 2023.301757
65600000 2024.845673
65700000 2026.388413
65800000 2027.929979
65900000 2029.470374
66000000 2031.009601
66100000 2032.547662
66200000 2034.084561
66300000 2035.620299
66400000 2037.154879
66500000 2038.688304
66600000 2040.220576
66700000 2041.751699
66800000 2043.281674
66900000 2044.810505
67000000 2046.338193
67100000 2047.864742
67200000 2049.390153
67300000 2050.914430
67400000 2052.437575
67500000 2053.959591
67600000 2055.480479
67700000 2057.000243
67800000 2058.518885
67900000 2060.036407
68000000 2061.552813
68100000 2063.068104
68200000 2064.582282
68300000 2066.095351
68400000 2067.607313
68500000 2069.118170
68600000 2070.627924
68700000 2072.136579
68800000 2073.644135
68900000 2075.150597
69000000 2076.655966
69100000 2078.160244
69200000 2079.663434
69300000 2081.165539
69400000 2082.666560
69500000 2084.166500
69600000 2085.665361
69700000 2087.163146
69800000 2088.659857
69900000 2090.155497
70000000 2091.650066
70100000 2093.143569
70200000 2094.636007
70300000 2096.127382
70400000 2097.617696
70500000 2099.106953
70600000 2100.595154
70700000 2102.082301
70800000 2103.568397
70900000 2105.053444
71000000 2106.537443
71100000 2108.020398
71200000 2109.502311
71300000 2110.983183
71400000 2112.463017
71500000 2113.941816
71600000 2115.419580
71700000 2116.896313
71800000 2118.372016
71900000 2119.846693
72000000 2121.320344
72100000 2122.792972
72200000 2124.264579
72300000 2125.735167
72400000 2127.204739
72500000 2128.673296
72600000 2130.140840
72700000 2131.607375
72800000 2133.072901
72900000 2134.537421
73000000 2136.000936
73100000 2137.463450
73200000 2138.924964
73300000 2140.385479
73400000 2141.844999
73500000 2143.303525
73600000 2144.761059
73700000 2146.217603
73800000 2147.673159
73900000 2149.127730
74000000 2150.581317
74100000 2152.033922
74200000 2153.485547
74300000 2154.936194
74400000 2156.385865
74500000 2157.834563
74600000 2159.282288
74700000 2160.729044
74800000 2162.174831
74900000 2163.619652
75000000 2165.063509
75100000 2166.506404
75200000 2167.948339
75300000 2169.389315
75400000 2170.829335
75500000 2172.268400
75600000 2173.706512
75700000 2175.143673
75800000 2176.579886
75900000 2178.015151
76000000 2179.449472
76100000 2180.882849
76200000 2182.315284
76300000 2183.746780
76400000 2185.177338
76500000 2186.606961
76600000 2188.035649
76700000 2189.463405
76800000 2190.890230
76900000 2192.316127
77000000 2193.741097
77100000 2195.165142
77200000 2196.588264
77300000 2198.010464
77400000 2199.431745
77500000 2200.852108
77600000 2202.271555
77700000 2203.690087
77800000 2205.107707
77900000 2206.524416
78000000 2207.940217
78100000 2209.355110
78200000 2210.769097
78300000 2212.182181
78400000 2213.594362
78500000 2215.005643
78600000 2216.416026
78700000 2217.825512
78800000 2219.234102
78900000 2220.641799
79000000 2222.048604
79100000 2223.454519
79200000 2224.859546
79300000 2226.263686
79400000 2227.666941
79500000 2229.069313
79600000 2230.470802
79700000 2231.871412
79800000 2233.271143
79900000 2234.669998
80000000 2236.067977
80100000 2237.465084
80200000 2238.861318
80300000 2240.256682
80400000 2241.651177
80500000 2243.044806
80600000 2244.437569
80700000 2245.829468
80800000 2247.220505
80900000 2248.610682
81000000 2250.000000
81100000 2251.388460
81200000 2252.776065
81300000 2254.162816
81400000 2255.548714
81500000 2256.933761
81600000 2258.317958
81700000 2259.701308
81800000 2261.083811
81900000 2262.465469
82000000 2263.846285
82100000 2265.226258
82200000 2266.605391
82300000 2267.983686
82400000 2269.361144
82500000 2270.737766
82600000 2272.113554
82700000 2273.488509
82800000 2274.862633
82900000 2276.235928
83000000 2277.608395
83100000 2278.980035
83200000 2280.350850
83300000 2281.720842
83400000 2283.090011
83500000 2284.458360
83600000 2285.825890
83700000 2287.192602
83800000 2288.558498
83900000 2289.923580
84000000 2291.287847
84100000 2292.651304
84200000 2294.013949
84300000 2295.375786
84400000 2296.736816
84500000 2298.097039
84600000 2299.456458
84700000 2300.815073
84800000 2302.172887
84900000 2303.529900
85000000 2304.886114
85100000 2306.241531
85200000 2307.596152
85300000 2308.949978
85400000 2310.303010
85500000 2311.655251
85600000 2313.006701
85700000 2314.357362
85800000 2315.707235
85900000 2317.056322
86000000 2318.404624
86100000 2319.752142
86200000 2321.098878
86300000 2322.444832
86400000 2323.790008
86500000 2325.134405
86600000 2326.478025
86700000 2327.820869
86800000 2329.162940
86900000 2330.504237
87000000 2331.844763
87100000 2333.184519
87200000 2334.523506
87300000 2335.861725
87400000 2337.199179
87500000 2338.535867
87600000 2339.871791
87700000 2341.206954
87800000 2342.541355
87900000 2343.874997
88000000 2345.207880
88100000 2346.540006
88200000 2347.871376
88300000 2349.201992
88400000 2350.531855
88500000 2351.860965
88600000 2353.189325
88700000 2354.516936
88800000 2355.843798
88900000 2357.169913
89000000 2358.495283
89100000 2359.819908
89200000 2361.143791
89300000 2362.466931
89400000 2363.789331
89500000 2365.110991
89600000 2366.431913
89700000 2367.752099
89800000 2369.071548
89900000 2370.390263
90000000 2371.708245
90100000 2373.025495
90200000 2374.342014
90300000 2375.657804
90400000 2376.972865
90500000 2378.287199
90600000 2379.600807
90700000 2380.913690
90800000 2382.225850
90900000 2383.537287
91000000 2384.848004
91100000 2386.158000
91200000 2387.467277
91300000 2388.775837
91400000 2390.083681
91500000 2391.390809
91600000 2392.697223
91700000 2394.002924
91800000 2395.307913
91900000 2396.612192
92000000 2397.915762
92100000 2399.218623
92200000 2400.520777
92300000 2401.822225
92400000 2403.122968
92500000 2404.423008
92600000 2405.722345
92700000 2407.020980
92800000 2408.318916
92900000 2409.616152
93000000 2410.912690
93100000 2412.208532
93200000 2413.503677
93300000 2414.798128
93400000 2416.091886
93500000 2417.384951
93600000 2418.677324
93700000 2419.969008
93800000 2421.260003
93900000 2422.550309
94000000 2423.839929
94100000 2425.128863
94200000 2426.417112
94300000 2427.704677
94400000 2428.991560
94500000 2430.277762
94600000 2431.563283
94700000 2432.848125
94800000 2434.132289
94900000 2435.415776
95000000 2436.698586
95100000 2437.980722
95200000 2439.262184
95300000 2440.542972
95400000 2441.823089
95500000 2443.102536
95600000 2444.381312
95700000 2445.659420
95800000 2446.936861
95900000 2448.213634
96000000 2449.489743
96100000 2450.765187
96200000 2452.039967
96300000 2453.314085
96400000 2454.587542
96500000 2455.860338
96600000 2457.132475
96700000 2458.403954
96800000 2459.674775
96900000 2460.944940
97000000 2462.214450
97100000 2463.483306
97200000 2464.751509
97300000 2466.019059
97400000 2467.285958
97500000 2468.552207
97600000 2469.817807
97700000 2471.082759
97800000 2472.347063
97900000 2473.610721
98000000 2474.873734
98100000 2476.136103
98200000 2477.397828
98300000 2478.658912
98400000 2479.919354
98500000 2481.179155
98600000 2482.438317
98700000 2483.696841
98800000 2484.954728
98900000 2486.211978
99000000 2487.468593
99100000 2488.724573
99200000 2489.979920
99300000 2491.234634
99400000 2492.488716
99500000 2493.742168
99600000 2494.994990
99700000 2496.247183
99800000 2497.498749
99900000 2498.749687
