0 3.003014
1 6.017602
2 9.000371
3 11.989452
4 14.950098
5 17.927687
6 20.834467
7 23.740654
8 26.765537
9 29.678108
10 32.643982
11 35.634354
12 38.547138
13 41.597118
14 44.401196
15 47.557243
16 50.694897
17 53.747234
18 56.616657
19 59.451836
20 62.449318
21 65.557793
22 68.586319
23 71.561813
24 74.508110
25 77.486420
26 80.473183
27 83.607414
28 86.443741
29 89.692230
30 92.665749
31 95.597244
32 98.703278
33 101.608513
34 104.613678
35 107.590881
36 110.429123
37 113.205406
38 116.277031
39 119.207748
40 122.253296
41 125.252953
42 128.127823
43 131.206573
44 134.536667
45 137.830475
46 140.943207
47 143.898209
48 146.623611
49 149.623566
50 152.798126
51 155.813232
52 158.733322
53 161.880295
54 165.185730
55 168.156311
56 170.991882
57 174.143539
58 177.105209
59 180.309814
60 183.300690
61 186.582748
62 189.439072
63 192.275604
64 195.219131
65 198.790222
66 201.703598
67 204.848740
68 207.776215
69 210.430649
70 213.412537
71 216.600967
72 219.514862
73 222.263412
74 225.139755
75 228.232925
76 231.461609
77 234.342194
78 237.355072
79 240.440292
80 243.006607
81 245.951614
82 248.913147
83 251.798126
84 254.812729
85 257.847321
86 260.774414
87 264.013641
88 267.304993
89 270.455292
90 273.247070
91 276.094910
92 278.715424
93 281.536591
94 284.588623
95 287.266022
96 290.389862
97 293.283600
98 296.188812
99 298.972809
100 301.698914
101 304.541595
102 307.519531
103 310.261475
104 313.147552
105 315.875366
106 318.666077
107 321.608063
108 324.929016
109 328.008545
110 331.158661
111 333.816895
112 336.972107
113 340.089722
114 343.108124
115 346.269836
116 349.571594
117 352.341736
118 354.898895
119 358.565979
120 361.582062
121 364.795685
122 367.776978
123 370.871674
124 374.153198
125 376.962860
126 379.721680
127 382.644379
128 385.185333
129 388.145355
130 391.143372
131 394.398560
132 397.289581
133 400.093170
134 403.312500
135 406.257843
136 409.597595
137 413.413788
138 416.175323
139 419.392303
140 422.232727
141 425.192383
142 428.054718
143 431.057098
144 433.750732
145 436.427063
146 439.098236
147 442.349121
148 445.553375
149 448.029785
150 450.977448
151 453.943481
152 457.067261
153 460.107025
154 462.767365
155 465.602325
156 468.494781
157 471.510529
158 474.299591
159 477.434082
160 480.173920
161 483.590179
162 486.843567
163 489.700104
164 492.487610
165 495.766785
166 498.844208
167 501.532776
168 504.484100
169 507.924561
170 510.621338
171 513.366577
172 516.543152
173 519.357056
174 522.535034
175 525.461304
176 527.893860
177 530.413818
178 533.583496
179 536.861023
180 540.464661
181 543.798218
182 546.858032
183 549.541199
184 552.351013
185 554.929810
186 557.937683
187 560.267273
188 563.004333
189 565.394043
190 568.401550
191 571.366577
192 574.823120
193 577.798279
194 580.415466
195 583.033997
196 586.240967
197 588.715271
198 591.696411
199 595.113831
