0.000000 0.372547 0.270625 0.225297
6.000000 0.295281 0.239484 0.204734
12.000000 0.187266 0.189859 0.177828
18.000000 0.092500 0.133578 0.132406
24.000000 0.036531 0.082328 0.099281
30.000000 0.012312 0.045859 0.070016
36.000000 0.002937 0.022578 0.042453
42.000000 0.000625 0.010188 0.024109
48.000000 0.000000 0.003641 0.012875
54.000000 0.000000 0.001266 0.006625
60.000000 0.000000 0.000375 0.002500
66.000000 0.000000 0.000172 0.001141
72.000000 0.000000 0.000016 0.000516
78.000000 0.000000 0.000016 0.000125
84.000000 0.000000 0.000016 0.000047
90.000000 0.000000 0.000000 0.000016
96.000000 0.000000 0.000000 0.000031
102.000000 0.000000 0.000000 0.000000
108.000000 0.000000 0.000000 0.000000
114.000000 0.000000 0.000000 0.000000
120.000000 0.000000 0.000000 0.000000
126.000000 0.000000 0.000000 0.000000
132.000000 0.000000 0.000000 0.000000
138.000000 0.000000 0.000000 0.000000
144.000000 0.000000 0.000000 0.000000
150.000000 0.000000 0.000000 0.000000
156.000000 0.000000 0.000000 0.000000
162.000000 0.000000 0.000000 0.000000
168.000000 0.000000 0.000000 0.000000
174.000000 0.000000 0.000000 0.000000
180.000000 0.000000 0.000000 0.000000
186.000000 0.000000 0.000000 0.000000
192.000000 0.000000 0.000000 0.000000
198.000000 0.000000 0.000000 0.000000
204.000000 0.000000 0.000000 0.000000
210.000000 0.000000 0.000000 0.000000
216.000000 0.000000 0.000000 0.000000
222.000000 0.000000 0.000000 0.000000
228.000000 0.000000 0.000000 0.000000
234.000000 0.000000 0.000000 0.000000
240.000000 0.000000 0.000000 0.000000
246.000000 0.000000 0.000000 0.000000
252.000000 0.000000 0.000000 0.000000
258.000000 0.000000 0.000000 0.000000
264.000000 0.000000 0.000000 0.000000
270.000000 0.000000 0.000000 0.000000
276.000000 0.000000 0.000000 0.000000
282.000000 0.000000 0.000000 0.000000
288.000000 0.000000 0.000000 0.000000
294.000000 0.000000 0.000000 0.000000
300.000000 0.000000 0.000000 0.000000
306.000000 0.000000 0.000000 0.000000
312.000000 0.000000 0.000000 0.000000
318.000000 0.000000 0.000000 0.000000
324.000000 0.000000 0.000000 0.000000
330.000000 0.000000 0.000000 0.000000
336.000000 0.000000 0.000000 0.000000
342.000000 0.000000 0.000000 0.000000
348.000000 0.000000 0.000000 0.000000
354.000000 0.000000 0.000000 0.000000
360.000000 0.000000 0.000000 0.000000
366.000000 0.000000 0.000000 0.000000
372.000000 0.000000 0.000000 0.000000
378.000000 0.000000 0.000000 0.000000
384.000000 0.000000 0.000000 0.000000
390.000000 0.000000 0.000000 0.000000
396.000000 0.000000 0.000000 0.000000
402.000000 0.000000 0.000000 0.000000
408.000000 0.000000 0.000000 0.000000
414.000000 0.000000 0.000000 0.000000
420.000000 0.000000 0.000000 0.000000
426.000000 0.000000 0.000000 0.000000
432.000000 0.000000 0.000000 0.000000
438.000000 0.000000 0.000000 0.000000
444.000000 0.000000 0.000000 0.000000
450.000000 0.000000 0.000000 0.000000
456.000000 0.000000 0.000000 0.000000
462.000000 0.000000 0.000000 0.000000
468.000000 0.000000 0.000000 0.000000
474.000000 0.000000 0.000000 0.000000
480.000000 0.000000 0.000000 0.000000
486.000000 0.000000 0.000000 0.000000
492.000000 0.000000 0.000000 0.000000
498.000000 0.000000 0.000000 0.000000
504.000000 0.000000 0.000000 0.000000
510.000000 0.000000 0.000000 0.000000
516.000000 0.000000 0.000000 0.000000
522.000000 0.000000 0.000000 0.000000
528.000000 0.000000 0.000000 0.000000
534.000000 0.000000 0.000000 0.000000
540.000000 0.000000 0.000000 0.000000
546.000000 0.000000 0.000000 0.000000
552.000000 0.000000 0.000000 0.000000
558.000000 0.000000 0.000000 0.000000
564.000000 0.000000 0.000000 0.000000
570.000000 0.000000 0.000000 0.000000
576.000000 0.000000 0.000000 0.000000
582.000000 0.000000 0.000000 0.000000
588.000000 0.000000 0.000000 0.000000
594.000000 0.000000 0.000000 0.000000
