-100.000000 0.000000
-96.000000 0.000000
-92.000000 0.000000
-88.000000 0.000000
-84.000000 0.000000
-80.000000 0.000000
-76.000000 0.000000
-72.000000 0.000000
-68.000000 0.000000
-64.000000 0.000001
-60.000000 0.000002
-56.000000 0.000009
-52.000000 0.000032
-48.000000 0.000104
-44.000000 0.000312
-40.000000 0.000861
-36.000000 0.002175
-32.000000 0.005025
-28.000000 0.010593
-24.000000 0.020331
-20.000000 0.035454
-16.000000 0.056065
-12.000000 0.080245
-8.000000 0.103795
-4.000000 0.121186
0.000000 0.127619
4.000000 0.121186
8.000000 0.103795
12.000000 0.080245
16.000000 0.056065
20.000000 0.035454
24.000000 0.020331
28.000000 0.010593
32.000000 0.005025
36.000000 0.002175
40.000000 0.000861
44.000000 0.000312
48.000000 0.000104
52.000000 0.000032
56.000000 0.000009
60.000000 0.000002
64.000000 0.000001
68.000000 0.000000
72.000000 0.000000
76.000000 0.000000
80.000000 0.000000
84.000000 0.000000
88.000000 0.000000
92.000000 0.000000
96.000000 0.000000
100.000000 0.000000


-100.000000 0.000000
-96.000000 0.000000
-92.000000 0.000000
-88.000000 0.000000
-84.000000 0.000001
-80.000000 0.000004
-76.000000 0.000009
-72.000000 0.000023
-68.000000 0.000056
-64.000000 0.000128
-60.000000 0.000279
-56.000000 0.000582
-52.000000 0.001156
-48.000000 0.002187
-44.000000 0.003943
-40.000000 0.006766
-36.000000 0.011048
-32.000000 0.017158
-28.000000 0.025332
-24.000000 0.035540
-20.000000 0.047362
-16.000000 0.059933
-12.000000 0.071998
-8.000000 0.082088
-4.000000 0.088815
0.000000 0.091179
4.000000 0.088815
8.000000 0.082088
12.000000 0.071998
16.000000 0.059933
20.000000 0.047362
24.000000 0.035540
28.000000 0.025332
32.000000 0.017158
36.000000 0.011048
40.000000 0.006766
44.000000 0.003943
48.000000 0.002187
52.000000 0.001156
56.000000 0.000582
60.000000 0.000279
64.000000 0.000128
68.000000 0.000056
72.000000 0.000023
76.000000 0.000009
80.000000 0.000004
84.000000 0.000001
88.000000 0.000000
92.000000 0.000000
96.000000 0.000000
100.000000 0.000000


-100.000000 0.000000
-96.000000 0.000004
-92.000000 0.000009
-88.000000 0.000018
-84.000000 0.000037
-80.000000 0.000074
-76.000000 0.000143
-72.000000 0.000270
-68.000000 0.000492
-64.000000 0.000868
-60.000000 0.001481
-56.000000 0.002444
-52.000000 0.003901
-48.000000 0.006022
-44.000000 0.008984
-40.000000 0.012955
-36.000000 0.018050
-32.000000 0.024298
-28.000000 0.031597
-24.000000 0.039685
-20.000000 0.048137
-16.000000 0.056382
-12.000000 0.063766
-8.000000 0.069628
-4.000000 0.073402
0.000000 0.074705
4.000000 0.073402
8.000000 0.069628
12.000000 0.063766
16.000000 0.056382
20.000000 0.048137
24.000000 0.039685
28.000000 0.031597
32.000000 0.024298
36.000000 0.018050
40.000000 0.012955
44.000000 0.008984
48.000000 0.006022
52.000000 0.003901
56.000000 0.002444
60.000000 0.001481
64.000000 0.000868
68.000000 0.000492
72.000000 0.000270
76.000000 0.000143
80.000000 0.000074
84.000000 0.000037
88.000000 0.000018
92.000000 0.000008
96.000000 0.000003
100.000000 0.000000


