301	-83.711515	-83.711515	0.000000
302	-83.702402	-83.706959	0.399426
303	-83.660677	-83.691532	0.315162
304	-83.741423	-83.704004	0.267419
305	-83.719186	-83.707041	0.247454
306	-83.760540	-83.715957	0.230821
307	-83.881402	-83.739592	0.206396
308	-83.830943	-83.751011	0.186819
309	-83.753600	-83.751299	0.172081
310	-83.648702	-83.741039	0.161533
311	-83.671918	-83.734755	0.153435
312	-83.665822	-83.729011	0.145466
313	-83.721761	-83.728453	0.136614
314	-83.568217	-83.717008	0.130597
315	-83.517467	-83.703705	0.127185
316	-83.494151	-83.690608	0.126366
317	-83.620405	-83.686478	0.122253
318	-83.668745	-83.685493	0.116988
319	-83.572173	-83.679529	0.112367
320	-83.677929	-83.679449	0.109779
321	-83.699747	-83.680415	0.106094
322	-83.693749	-83.681022	0.102938
323	-83.562405	-83.675864	0.099926
324	-83.658605	-83.675145	0.096967
325	-83.723790	-83.677091	0.093833
326	-83.722070	-83.678821	0.091309
327	-83.669155	-83.678463	0.088632
328	-83.444845	-83.670119	0.086997
329	-83.513409	-83.664716	0.085335
330	-83.540322	-83.660569	0.083935
331	-83.511976	-83.655776	0.082410
332	-83.669962	-83.656219	0.080721
333	-83.652407	-83.656104	0.079840
334	-83.633289	-83.655433	0.078745
335	-83.572209	-83.653055	0.077769
336	-83.515746	-83.649241	0.077132
337	-83.666446	-83.649706	0.075710
338	-83.540638	-83.646836	0.075116
339	-83.695852	-83.648092	0.073791
340	-83.661601	-83.648430	0.072584
341	-83.512876	-83.645124	0.071818
342	-83.582912	-83.643643	0.071003
343	-83.610286	-83.642867	0.070184
344	-83.628252	-83.642535	0.069402
345	-83.629191	-83.642238	0.068964
346	-83.686939	-83.643210	0.067726
347	-83.783271	-83.646190	0.066513
348	-83.672329	-83.646735	0.065381
349	-83.612698	-83.646040	0.064397
350	-83.396959	-83.641058	0.064047
351	-83.498797	-83.638269	0.063189
352	-83.581781	-83.637183	0.062235
353	-83.383984	-83.632405	0.061921
354	-83.368671	-83.627521	0.061575
355	-83.354628	-83.622560	0.061424
356	-83.460452	-83.619665	0.061162
357	-83.549801	-83.618439	0.060721
358	-83.553627	-83.617322	0.060309
359	-83.567136	-83.616471	0.060077
360	-83.600975	-83.616213	0.059769
361	-83.533272	-83.614853	0.059370
362	-83.527951	-83.613451	0.059001
363	-83.519066	-83.611953	0.058640
364	-83.504076	-83.610268	0.058233
365	-83.480335	-83.608269	0.057849
366	-83.480335	-83.606330	0.057471
367	-83.480335	-83.604450	0.057100
368	-83.480335	-83.602625	0.056734
369	-83.480335	-83.600852	0.056375
370	-83.480335	-83.599131	0.056021
371	-83.480335	-83.597457	0.055673
372	-83.480335	-83.595831	0.055330
373	-83.480335	-83.594249	0.054993
374	-83.480335	-83.592709	0.054661
375	-83.480335	-83.591211	0.054334
376	-83.480335	-83.589752	0.054013
377	-83.480335	-83.588331	0.053696
378	-83.480335	-83.586946	0.053384
379	-83.480335	-83.585597	0.053078
380	-83.480335	-83.584281	0.052776
381	-83.480335	-83.582998	0.052478
382	-83.480335	-83.581746	0.052185
383	-83.480335	-83.580524	0.051897
384	-83.480335	-83.579331	0.051613
385	-83.480335	-83.578167	0.051333
386	-83.480335	-83.577029	0.051057
387	-83.462337	-83.575711	0.050798
388	-83.447024	-83.574248	0.050528
389	-83.470007	-83.573077	0.050267
390	-83.435181	-83.571545	0.050107
391	-83.388657	-83.569535	0.049881
392	-83.389344	-83.567577	0.049595
393	-83.479186	-83.566626	0.049280
394	-83.506744	-83.565989	0.048952
395	-83.583544	-83.566174	0.048700
396	-83.604359	-83.566572	0.048436
397	-83.578664	-83.566696	0.048159
398	-83.559621	-83.566624	0.047784
399	-83.596140	-83.566922	0.047355
400	-83.547377	-83.566727	0.046942
401	-83.622230	-83.567276	0.046589
402	-83.685586	-83.568436	0.046360
403	-83.739300	-83.570095	0.046118
404	-83.731954	-83.571651	0.045893
405	-83.660335	-83.572496	0.045664
406	-83.585954	-83.572623	0.045409
407	-83.462854	-83.571597	0.045174
408	-83.587539	-83.571745	0.044974
409	-83.539205	-83.571446	0.044812
410	-83.439822	-83.570250	0.044702
411	-83.334885	-83.568129	0.044653
412	-83.601604	-83.568428	0.044569
413	-83.522848	-83.568025	0.044457
414	-83.651669	-83.568758	0.044212
415	-83.538391	-83.568494	0.043970
416	-83.629912	-83.569024	0.043765
417	-83.638757	-83.569620	0.043528
418	-83.453616	-83.568637	0.043334
419	-83.484237	-83.567928	0.043132
420	-83.696475	-83.568999	0.043031
421	-83.611687	-83.569352	0.042973
422	-83.604959	-83.569643	0.042819
423	-83.578399	-83.569715	0.042593
424	-83.540539	-83.569479	0.042333
425	-83.608252	-83.569790	0.042109
426	-83.615867	-83.570155	0.041877
427	-83.612046	-83.570485	0.041700
428	-83.735770	-83.571776	0.041518
429	-83.867325	-83.574067	0.041432
430	-83.834746	-83.576073	0.041378
431	-83.576485	-83.576076	0.041329
432	-83.612342	-83.576351	0.041182
433	-83.646311	-83.576877	0.040958
434	-83.621623	-83.577210	0.040811
435	-83.571996	-83.577172	0.040689
436	-83.723317	-83.578246	0.040501
437	-83.696573	-83.579110	0.040294
438	-83.694096	-83.579943	0.040184
439	-83.575618	-83.579912	0.040135
440	-83.640110	-83.580342	0.040030
441	-83.721109	-83.581341	0.039909
442	-83.663095	-83.581916	0.039813
443	-83.680260	-83.582604	0.039697
444	-83.739872	-83.583696	0.039576
445	-83.824764	-83.585359	0.039435
446	-83.829785	-83.587033	0.039282
447	-83.851286	-83.588831	0.039132
448	-83.801145	-83.590265	0.038992
449	-83.845098	-83.591975	0.038823
450	-83.815938	-83.593468	0.038640
451	-83.814375	-83.594931	0.038468
452	-83.829261	-83.596473	0.038298
453	-83.812258	-83.597883	0.038107
454	-83.854659	-83.599551	0.037942
455	-83.867019	-83.601276	0.037781
456	-83.827331	-83.602725	0.037631
457	-83.799151	-83.603977	0.037502
458	-83.828656	-83.605399	0.037382
459	-83.836274	-83.606851	0.037248
460	-83.804447	-83.608086	0.037104
461	-83.790597	-83.609219	0.036938
462	-83.769270	-83.610207	0.036755
463	-83.759949	-83.611126	0.036562
464	-83.753699	-83.611995	0.036373
465	-83.739336	-83.612767	0.036180
466	-83.766032	-83.613690	0.035993
467	-83.787921	-83.614734	0.035807
468	-83.803434	-83.615857	0.035635
469	-83.788839	-83.616880	0.035465
470	-83.819310	-83.618071	0.035301
471	-83.892816	-83.619678	0.035156
472	-83.906711	-83.621347	0.035017
473	-83.947393	-83.623231	0.034898
474	-83.952678	-83.625125	0.034784
475	-83.989236	-83.627205	0.034688
476	-83.946400	-83.629019	0.034591
477	-83.835614	-83.630186	0.034486
478	-83.742446	-83.630817	0.034352
479	-83.720448	-83.631317	0.034216
480	-83.702588	-83.631713	0.034083
481	-83.711987	-83.632157	0.033943
482	-83.760274	-83.632861	0.033795
483	-83.830761	-83.633942	0.033668
484	-83.902652	-83.635403	0.033555
485	-83.838695	-83.636502	0.033445
486	-83.836532	-83.637577	0.033328
487	-83.806998	-83.638483	0.033208
488	-83.732052	-83.638981	0.033084
489	-83.595556	-83.638751	0.032961
490	-83.655510	-83.638839	0.032839
491	-83.632414	-83.638806	0.032711
492	-83.584672	-83.638524	0.032594
493	-83.683958	-83.638759	0.032482
494	-83.735920	-83.639260	0.032364
495	-83.750758	-83.639832	0.032254
496	-83.606761	-83.639663	0.032160
497	-83.570978	-83.639314	0.032055
498	-83.563618	-83.638932	0.031969
499	-83.495602	-83.638212	0.031908
500	-83.662087	-83.638331	0.031854
