1 29.058428
2 31.746243
3 32.590031
4 34.016087
5 33.522739
6 34.654305
7 34.541214
8 36.107113
9 34.283096
10 37.832443
11 37.519718
12 38.440174
13 38.278992
14 38.934559
15 41.371922
16 39.392605
17 37.981182
18 40.083519
19 39.413551
20 39.739105
21 44.556549
22 43.045486
23 42.122997
24 42.585121
25 46.577538
26 45.552666
27 42.470284
28 42.859715
29 41.463505
30 44.107712
31 43.361717
32 44.293392
33 39.476437
34 44.810860
35 44.796310
36 44.248898
37 47.580948
38 41.848446
39 47.980122
40 40.158195
41 45.896309
42 37.558064
43 49.657703
44 44.927898
45 40.515903
46 45.451023
47 43.342899
48 48.722157
49 43.152237
50 38.543400
51 44.904892
52 50.160378
53 50.576832
54 41.711121
55 44.235535
56 42.923908
57 43.979485
58 47.137585
59 45.502792
60 45.328323
61 41.242435
62 42.529766
63 47.832386
64 42.054920
65 38.443436
66 39.930332
67 45.942936
68 45.756165
69 49.038555
70 44.935287
71 45.191154
72 42.035183
73 39.648674
74 43.525597
75 43.186245
76 44.730392
77 50.090942
78 51.724365
79 53.337574
80 49.870636
81 49.125397
82 48.674213
83 43.701454
84 42.832417
85 38.012840
86 38.173874
87 43.568016
88 35.147293
89 40.123127
90 43.663647
91 47.242146
92 49.954826
93 50.960999
94 53.130543
95 53.582783
96 45.572906
97 42.780174
98 32.982140
99 33.374844
100 34.331474
101 43.851151
102 47.999119
103 47.927689
104 48.333748
105 47.191452
106 49.656422
107 47.776737
108 44.770931
109 43.230648
110 50.184856
111 50.676964
112 51.615540
113 53.142731
114 57.101727
115 58.624195
116 63.732975
117 62.060169
118 60.236702
119 60.959774
120 57.380505
121 55.534893
122 50.637848
123 50.777946
124 45.580238
125 43.245647
126 45.353863
127 47.201962
128 39.421329
129 38.005020
130 37.448112
131 33.026447
132 38.184216
133 41.696526
134 41.976784
135 46.461956
136 44.742657
137 44.328026
138 41.634918
139 40.626797
140 33.945873
141 34.576424
142 38.215839
143 43.728565
144 46.633766
145 43.532585
146 42.816441
147 42.656189
148 37.595333
149 34.748817
150 36.520222
151 40.084221
152 45.014370
153 47.242443
154 51.141102
155 59.653725
156 60.992680
157 61.715710
158 60.837147
159 63.493893
160 58.943981
161 63.538124
162 56.147678
163 53.586716
164 53.452545
165 54.106117
166 50.588127
167 54.181591
168 49.689640
169 52.523434
170 48.643433
171 48.633110
172 43.671368
173 50.214508
174 51.518612
175 44.451458
176 43.272846
177 45.198612
178 51.018913
179 54.124020
180 55.362701
181 53.467823
182 54.017933
183 54.561592
184 53.737137
185 54.055248
186 49.075108
187 46.142822
188 45.960533
189 46.694000
190 46.439388
191 41.016682
192 33.162399
193 26.850321
194 23.080124
195 22.608297
196 21.671993
197 19.068604
198 21.434130
199 24.710953
200 24.802940
